-6.93  -3.05  0
-6.93  -3.05  0
-6.93  -3.05  0
-6.93  -3.05  0
-7.00  -3.08  0
-7.00  -3.08  0
-7.00  -3.08  0
-7.00  -3.08  0
-7.00  -3.08  0
-7.00  -3.08  0
-7.00  -3.08  0
-7.00  -3.08  0
-7.00  -3.08  0
-7.00  -3.08  0
-7.00  -3.08  0
-7.00  -3.08  0
-7.00  -3.08  0
-7.00  -3.08  0
-7.00  -3.08  0
-7.00  -3.08  0
-7.00  -3.08  0
-7.00  -3.08  0
-7.00  -3.08  0
-7.00  -3.08  0
-7.00  -3.08  0
-7.00  -3.08  0
-7.00  -3.08  0
-7.00  -3.08  0
-7.00  -3.08  0
-7.00  -3.08  0
-7.00  -3.08  0
-7.00  -3.08  0
-7.00  -3.08  0
-7.00  -3.08  0
-7.00  -3.08  0
-7.00  -3.08  0
-7.00  -3.08  0
-7.00  -3.08  0
-7.00  -3.08  0
-7.00  -3.08  0
-7.00  -3.08  0
-7.00  -3.08  0
-7.00  -3.08  0
-7.00  -3.08  0
-7.00  -3.08  0
-7.00  -3.08  0
-7.00  -3.08  0
-7.00  -3.08  0
-7.00  -3.08  0
-7.00  -3.08  0
-7.00  -3.08  0
-7.00  -3.08  0
-7.00  -3.08  0
-7.00  -3.08  0
-7.00  -3.08  0
-7.00  -3.08  0
-7.00  -3.08  0
-7.00  -3.08  0
-7.00  -3.08  0
-7.00  -3.08  0
-7.00  -3.08  0
-7.00  -3.08  0
-7.00  -3.08  0
-7.00  -3.08  0
-7.00  -3.08  0
-7.00  -3.08  0
-7.00  -3.08  0
-7.00  -3.08  0
-7.00  -3.08  0
-7.00  -3.08  0
-7.00  -3.08  0
-7.00  -3.08  0
-7.00  -3.08  0
-7.00  -3.08  0
-7.00  -3.08  0
-7.00  -3.08  0
-7.00  -3.08  0
-7.00  -3.08  0
-7.00  -3.08  0
-7.00  -3.08  0
-7.00  -3.08  0
-7.00  -3.08  0
-7.00  -3.08  0
-7.00  -3.08  0
-7.00  -3.08  0
-7.00  -3.08  0
-7.00  -3.08  0
-7.00  -3.08  0
-7.00  -3.08  0
-7.00  -3.08  0
-7.00  -3.08  0
-7.00  -3.08  0
-7.00  -3.08  0
-7.00  -3.08  0
-7.00  -3.08  0
-7.00  -3.08  0
-7.00  -3.08  0
-7.00  -3.08  0
-7.00  -3.08  0
-7.00  -3.08  0
-7.00  -3.08  0
-7.00  -3.08  0
-7.00  -3.08  0
-7.00  -3.08  0
-7.00  -3.08  0
-7.00  -3.08  0
-7.00  -3.08  0
-7.00  -3.08  0
-7.00  -3.08  0
-7.00  -3.08  0
-7.00  -3.08  0
-7.00  -3.08  0
-7.00  -3.08  0
-7.00  -3.08  0
-7.00  -3.08  0
-7.00  -3.08  0
-7.00  -3.08  0
-7.00  -3.08  0
-7.00  -3.08  0
-7.00  -3.08  0
-7.00  -3.08  0
-7.00  -3.08  0
-7.00  -3.08  0
-7.00  -3.08  0
-7.00  -3.08  0
-7.00  -3.08  0
-7.00  -3.08  0
-7.00  -3.08  0
-7.00  -3.08  0
-7.00  -3.08  0
-7.00  -3.08  0
-7.00  -3.08  0
-7.00  -3.08  0
-7.00  -3.08  0
-7.00  -3.08  0
-7.00  -3.08  0
-7.00  -3.08  0
-7.00  -3.08  0
-7.00  -3.08  0
-7.00  -3.08  0
-7.00  -3.08  0
-7.00  -3.08  0
-7.00  -3.08  0
-7.00  -3.08  0
-7.00  -3.08  0
-7.00  -3.08  0
-7.00  -3.08  0
-7.00  -3.08  0
-7.00  -3.08  0
-7.00  -3.08  0
-7.00  -3.08  0
-7.00  -3.08  0
-7.00  -3.08  0
-7.00  -3.08  0
-7.00  -3.08  0
-7.00  -3.08  0
-7.00  -3.08  0
-7.00  -3.08  0
-7.00  -3.08  0
-7.00  -3.08  0
-6.93  -2.43  0
-6.93  -3.06  0
-6.93  -3.06  0
-6.93  -3.06  0
-6.93  -3.06  0
-6.93  -3.06  0
-6.93  -3.06  0
-7.00  -3.70  0
-7.00  -3.07  0
-7.00  -3.07  0
-7.00  -3.08  0
-7.00  -3.08  0
-7.00  -3.08  0
-7.00  -3.08  0
-7.18  -4.74  0
-7.18  -3.13  0
-7.18  -3.13  0
-7.18  -3.13  0
-7.18  -3.14  0
-7.18  -3.14  0
-7.18  -3.14  0
-7.25  -3.79  0
-7.25  -3.16  0
-7.25  -3.17  0
-7.25  -3.17  0
-7.25  -3.17  0
-7.25  -3.17  0
-7.25  -3.17  0
-7.31  -3.73  0
-7.31  -3.19  0
-7.31  -3.20  0
-7.31  -3.20  0
-7.31  -3.20  0
-7.31  -3.20  0
-7.31  -3.20  0
-7.43  -4.32  0
-7.43  -3.24  0
-7.43  -3.24  0
-7.43  -3.24  0
-7.43  -3.25  0
-7.43  -3.25  0
-7.43  -3.25  0
-7.43  -3.25  0
-7.43  -3.25  0
-7.43  -3.26  0
-7.43  -3.26  0
-7.43  -3.26  0
-7.43  -3.26  0
-7.43  -3.26  0
-7.43  -3.26  0
-7.43  -3.26  0
-7.43  -3.26  0
-7.43  -3.26  0
-7.43  -3.26  0
-7.43  -3.26  0
-7.43  -3.27  0
-7.43  -3.27  0
-7.43  -3.27  0
-7.43  -3.27  0
-7.43  -3.27  0
-7.43  -3.27  0
-7.43  -3.27  0
-7.43  -3.27  0
-7.37  -2.71  0
-7.37  -3.25  0
-7.37  -3.25  0
-7.37  -3.25  0
-7.37  -3.25  0
-7.37  -3.25  0
-7.37  -3.25  0
-7.43  -3.80  0
-7.43  -3.26  0
-7.43  -3.26  0
-7.43  -3.26  0
-7.43  -3.26  0
-7.43  -3.27  0
-7.43  -3.27  0
-7.43  -3.27  0
-7.43  -3.27  0
-7.43  -3.27  0
-7.43  -3.27  0
-7.43  -3.27  0
-7.43  -3.27  0
-7.43  -3.27  0
-7.43  -3.27  0
-7.43  -3.27  0
-7.43  -3.27  0
-7.43  -3.27  0
-7.43  -3.27  0
-7.43  -3.27  0
-7.43  -3.27  0
-7.43  -3.27  0
-7.43  -3.27  0
-7.43  -3.27  0
-7.43  -3.27  0
-7.43  -3.27  0
-7.43  -3.27  0
-7.43  -3.27  0
-7.43  -3.27  0
-7.43  -3.27  0
-7.43  -3.27  0
-7.43  -3.27  0
-7.43  -3.27  0
-7.43  -3.27  0
-7.43  -3.27  0
-7.43  -3.27  0
-7.43  -3.27  0
-7.43  -3.27  0
-7.43  -3.27  0
-7.43  -3.27  0
-7.43  -3.27  0
-7.43  -3.27  0
-7.37  -2.71  0
-7.37  -3.25  0
-7.37  -3.25  0
-7.37  -3.25  0
-7.37  -3.25  0
-7.37  -3.25  0
-7.37  -3.25  0
-7.31  -2.69  0
-7.31  -3.23  0
-7.31  -3.23  0
-7.31  -3.23  0
-7.31  -3.23  0
-7.31  -3.23  0
-7.31  -3.22  0
-7.25  -2.67  0
-7.25  -3.21  0
-7.25  -3.20  0
-7.25  -3.20  0
-7.25  -3.20  0
-7.25  -3.20  0
-7.25  -3.20  0
-7.18  -2.55  0
-7.18  -3.18  0
-7.18  -3.18  0
-7.18  -3.17  0
-7.18  -3.17  0
-7.18  -3.17  0
-7.18  -3.17  0
-7.18  -3.17  0
-7.18  -3.17  0
-7.18  -3.17  0
-7.18  -3.17  0
-7.18  -3.17  0
-7.18  -3.17  0
-7.18  -3.16  0
-7.12  -2.61  0
-7.12  -3.15  0
-7.12  -3.15  0
-7.12  -3.14  0
-7.12  -3.14  0
-7.12  -3.14  0
-7.12  -3.14  0
-7.06  -2.58  0
-7.06  -3.12  0
-7.06  -3.12  0
-7.06  -3.12  0
-7.06  -3.12  0
-7.06  -3.12  0
-7.06  -3.12  0
-7.00  -2.56  0
-7.00  -3.10  0
-7.00  -3.10  0
-7.00  -3.09  0
-7.00  -3.09  0
-7.00  -3.09  0
-7.00  -3.09  0
-7.06  -3.64  0
-7.06  -3.11  0
-7.06  -3.11  0
-7.06  -3.11  0
-7.06  -3.11  0
-7.06  -3.11  0
-7.06  -3.11  0
-7.06  -3.11  0
-7.06  -3.11  0
-7.06  -3.11  0
-7.06  -3.11  0
-7.06  -3.11  0
-7.06  -3.11  0
-7.06  -3.11  0
-7.12  -3.66  0
-7.12  -3.12  0
-7.12  -3.12  0
-7.12  -3.12  0
-7.12  -3.13  0
-7.12  -3.13  0
-7.12  -3.13  0
-7.18  -3.68  0
-7.18  -3.14  0
-7.18  -3.15  0
-7.18  -3.15  0
-7.18  -3.15  0
-7.18  -3.15  0
-7.18  -3.15  0
-7.25  -3.80  0
-7.25  -3.17  0
-7.25  -3.17  0
-7.25  -3.18  0
-7.25  -3.18  0
-7.25  -3.18  0
-7.25  -3.18  0
-7.31  -3.74  0
-7.31  -3.20  0
-7.31  -3.20  0
-7.31  -3.20  0
-7.31  -3.20  0
-7.31  -3.20  0
-7.31  -3.21  0
-7.31  -3.21  0
-7.31  -3.21  0
-7.31  -3.21  0
-7.31  -3.21  0
-7.31  -3.21  0
-7.31  -3.21  0
-7.31  -3.21  0
-7.31  -3.21  0
-7.31  -3.21  0
-7.31  -3.21  0
-7.31  -3.21  0
-7.31  -3.21  0
-7.31  -3.21  0
-7.31  -3.21  0
-7.31  -3.21  0
-7.18  -2.01  0
-7.18  -3.18  0
-7.18  -3.18  0
-7.18  -3.17  0
-7.18  -3.17  0
-7.18  -3.17  0
-7.18  -3.17  0
-7.00  -1.50  0
-7.00  -3.12  0
-7.00  -3.11  0
-7.00  -3.11  0
-7.00  -3.11  0
-7.00  -3.11  0
-7.00  -3.10  0
-6.75  -0.79  0
-6.75  -3.03  0
-6.75  -3.02  0
-6.75  -3.02  0
-6.75  -3.01  0
-6.75  -3.01  0
-6.75  -3.00  0
-6.31  1.07  0
-6.31  -2.88  0
-6.31  -2.87  0
-6.31  -2.86  0
-6.31  -2.85  0
-6.31  -2.84  0
-6.31  -2.84  0
-5.62  3.56  0
-5.62  -2.63  0
-5.62  -2.62  0
-5.62  -2.60  0
-5.62  -2.59  0
-5.62  -2.58  0
-5.62  -2.57  0
-4.75  5.50  0
-4.75  -2.31  0
-4.75  -2.29  0
-4.75  -2.27  0
-4.75  -2.25  0
-4.75  -2.23  0
-4.75  -2.22  0
-3.43  10.02  0
-3.43  -1.83  0
-3.43  -1.80  0
-3.43  -1.77  0
-3.43  -1.74  0
-3.43  -1.72  0
-3.43  -1.70  0
-1.87  12.77  0
-1.87  -1.23  0
-1.87  -1.19  0
-1.87  -1.15  0
-1.87  -1.12  0
-1.87  -1.09  0
-1.87  -1.06  0
0.00  16.28  0
0.00  -0.50  0
0.00  -0.45  0
0.00  -0.40  0
0.00  -0.36  0
0.00  -0.33  0
0.00  -0.29  0
2.68  24.55  0
2.68  0.51  0
2.68  0.57  0
2.68  0.64  0
2.68  0.69  0
2.68  0.74  0
2.68  0.78  0
5.93  30.92  0
5.93  1.76  0
5.93  1.85  0
5.93  1.92  0
5.93  1.99  0
5.93  2.05  0
5.93  2.11  0
9.68  36.88  0
9.68  3.25  0
9.68  3.35  0
9.68  3.44  0
9.68  3.52  0
9.68  3.59  0
9.68  3.66  0
14.31  46.59  0
14.31  5.06  0
14.31  5.19  0
14.31  5.30  0
14.31  5.40  0
14.31  5.49  0
14.31  5.57  0
19.81  56.57  0
19.81  7.23  0
19.81  7.38  0
19.81  7.52  0
19.81  7.64  0
19.81  7.74  0
19.81  7.84  0
25.93  64.60  0
25.93  9.71  0
25.93  9.88  0
25.93  10.03  0
25.93  10.17  0
25.93  10.29  0
25.93  10.41  0
32.37  70.14  0
32.37  12.39  0
32.37  12.57  0
32.37  12.74  0
32.37  12.89  0
32.37  13.02  0
32.37  13.15  0
32.37  13.26  0
38.43  69.47  0
38.43  15.13  0
38.43  15.31  0
38.43  15.47  0
38.43  15.61  0
38.43  15.74  0
38.43  15.86  0
44.56  72.73  0
44.56  17.76  0
44.56  17.95  0
44.56  18.11  0
44.56  18.26  0
44.56  18.40  0
44.56  18.52  0
50.75  75.95  0
50.75  20.44  0
50.75  20.63  0
50.75  20.80  0
50.75  20.96  0
50.75  21.09  0
50.75  21.22  0
56.81  77.44  0
56.81  23.11  0
56.81  23.30  0
56.81  23.47  0
56.81  23.62  0
56.81  23.76  0
56.81  23.88  0
62.37  75.48  0
62.37  25.64  0
62.37  25.82  0
62.37  25.98  0
62.37  26.13  0
62.37  26.26  0
62.37  26.38  0
66.68  66.40  0
66.68  27.78  0
66.68  27.94  0
66.68  28.08  0
66.68  28.20  0
66.68  28.32  0
66.68  28.42  0
69.75  56.94  0
69.75  29.45  0
69.75  29.57  0
69.75  29.68  0
69.75  29.78  0
69.75  29.87  0
69.75  29.96  0
71.12  42.72  0
71.12  30.48  0
71.12  30.56  0
71.12  30.63  0
71.12  30.70  0
71.12  30.76  0
71.12  30.81  0
70.75  27.43  0
70.75  30.80  0
70.75  30.83  0
70.75  30.86  0
70.75  30.89  0
70.75  30.91  0
70.75  30.93  0
69.56  19.93  0
69.56  30.64  0
69.56  30.64  0
69.56  30.63  0
69.56  30.63  0
69.56  30.63  0
69.56  30.63  0
68.12  17.29  0
68.12  30.22  0
68.12  30.20  0
68.12  30.18  0
68.12  30.15  0
68.12  30.14  0
68.12  30.12  0
65.93  9.83  0
65.93  29.48  0
65.93  29.44  0
65.93  29.39  0
65.93  29.35  0
65.93  29.32  0
65.93  29.29  0
65.93  29.26  0
62.87  0.90  0
62.87  28.36  0
62.87  28.29  0
62.87  28.23  0
62.87  28.17  0
62.87  28.12  0
62.87  28.08  0
58.31  -14.19  0
58.31  26.73  0
58.31  26.62  0
58.31  26.53  0
58.31  26.44  0
58.31  26.36  0
58.31  26.29  0
52.43  -28.22  0
52.43  24.54  0
52.43  24.39  0
52.43  24.26  0
52.43  24.14  0
52.43  24.03  0
52.43  23.93  0
46.06  -35.14  0
46.06  22.00  0
46.06  21.83  0
46.06  21.67  0
46.06  21.53  0
46.06  21.40  0
46.06  21.29  0
39.68  -37.89  0
39.68  19.32  0
39.68  19.14  0
39.68  18.97  0
39.68  18.82  0
39.68  18.68  0
39.68  18.56  0
32.62  -46.93  0
32.62  16.39  0
32.62  16.18  0
32.62  16.00  0
32.62  15.84  0
32.62  15.69  0
32.62  15.55  0
25.18  -53.46  0
25.18  13.26  0
25.18  13.04  0
25.18  12.84  0
25.18  12.67  0
25.18  12.51  0
25.18  12.37  0
17.62  -57.77  0
17.62  10.02  0
17.62  9.79  0
17.62  9.59  0
17.62  9.41  0
17.62  9.24  0
17.62  9.09  0
10.31  -58.73  0
10.31  6.80  0
10.31  6.58  0
10.31  6.37  0
10.31  6.19  0
10.31  6.02  0
10.31  5.88  0
3.31  -59.08  0
3.31  3.68  0
3.31  3.45  0
3.31  3.25  0
3.31  3.07  0
3.31  2.91  0
3.31  2.77  0
-3.68  -62.09  0
-3.68  0.57  0
-3.68  0.36  0
-3.68  0.16  0
-3.68  -0.02  0
-3.68  -0.18  0
-3.68  -0.32  0
-10.31  -61.85  0
-10.31  -2.41  0
-10.31  -2.63  0
-10.31  -2.82  0
-10.31  -2.99  0
-10.31  -3.14  0
-10.31  -3.28  0
-16.50  -60.73  0
-16.50  -5.24  0
-16.50  -5.44  0
-16.50  -5.63  0
-16.50  -5.79  0
-16.50  -5.94  0
-16.50  -6.07  0
-22.31  -59.99  0
-22.31  -7.91  0
-22.31  -8.10  0
-22.31  -8.27  0
-22.31  -8.43  0
-22.31  -8.57  0
-22.31  -8.69  0
-27.31  -55.10  0
-27.31  -10.29  0
-27.31  -10.47  0
-27.31  -10.62  0
-27.31  -10.76  0
-27.31  -10.89  0
-27.31  -11.00  0
-31.31  -48.14  0
-31.31  -12.30  0
-31.31  -12.45  0
-31.31  -12.58  0
-31.31  -12.70  0
-31.31  -12.81  0
-31.31  -12.91  0
-31.31  -12.99  0
-34.43  -41.96  0
-34.43  -14.01  0
-34.43  -14.12  0
-34.43  -14.23  0
-34.43  -14.32  0
-34.43  -14.40  0
-34.43  -14.48  0
-36.68  -35.38  0
-36.68  -15.23  0
-36.68  -15.32  0
-36.68  -15.40  0
-36.68  -15.48  0
-36.68  -15.54  0
-36.68  -15.60  0
-37.50  -23.25  0
-37.50  -15.93  0
-37.50  -15.99  0
-37.50  -16.04  0
-37.50  -16.09  0
-37.50  -16.13  0
-37.50  -16.16  0
-37.12  -12.68  0
-37.12  -16.12  0
-37.12  -16.14  0
-37.12  -16.16  0
-37.12  -16.18  0
-37.12  -16.20  0
-37.12  -16.21  0
-36.25  -8.17  0
-36.25  -15.99  0
-36.25  -15.99  0
-36.25  -15.98  0
-36.25  -15.98  0
-36.25  -15.98  0
-36.25  -15.97  0
-34.68  -1.43  0
-34.68  -15.53  0
-34.68  -15.51  0
-34.68  -15.48  0
-34.68  -15.46  0
-34.68  -15.44  0
-34.68  -15.42  0
-32.50  4.78  0
-32.50  -14.78  0
-32.50  -14.74  0
-32.50  -14.69  0
-32.50  -14.65  0
-32.50  -14.62  0
-32.50  -14.59  0
-30.18  6.93  0
-30.18  -13.89  0
-30.18  -13.83  0
-30.18  -13.77  0
-30.18  -13.72  0
-30.18  -13.68  0
-30.18  -13.64  0
-27.68  9.55  0
-27.68  -12.87  0
-27.68  -12.81  0
-27.68  -12.74  0
-27.68  -12.69  0
-27.68  -12.64  0
-27.68  -12.59  0
-24.87  13.47  0
-24.87  -11.73  0
-24.87  -11.65  0
-24.87  -11.58  0
-24.87  -11.52  0
-24.87  -11.46  0
-24.87  -11.41  0
-21.81  16.97  0
-21.81  -10.47  0
-21.81  -10.38  0
-21.81  -10.30  0
-21.81  -10.23  0
-21.81  -10.17  0
-21.81  -10.11  0
-18.56  20.03  0
-18.56  -9.11  0
-18.56  -9.02  0
-18.56  -8.93  0
-18.56  -8.85  0
-18.56  -8.79  0
-18.56  -8.72  0
-18.56  -8.67  0
-15.25  22.03  0
-15.25  -7.65  0
-15.25  -7.56  0
-15.25  -7.47  0
-15.25  -7.40  0
-15.25  -7.33  0
-15.25  -7.27  0
-11.93  23.53  0
-11.93  -6.24  0
-11.93  -6.14  0
-11.93  -6.05  0
-11.93  -5.97  0
-11.93  -5.90  0
-11.93  -5.83  0
-8.81  23.12  0
-8.81  -4.85  0
-8.81  -4.76  0
-8.81  -4.67  0
-8.81  -4.59  0
-8.81  -4.52  0
-8.81  -4.45  0
-5.56  25.70  0
-5.56  -3.44  0
-5.56  -3.34  0
-5.56  -3.25  0
-5.56  -3.17  0
-5.56  -3.10  0
-5.56  -3.03  0
-2.43  26.01  0
-2.43  -2.05  0
-2.43  -1.95  0
-2.43  -1.87  0
-2.43  -1.79  0
-2.43  -1.71  0
-2.43  -1.65  0
0.43  24.89  0
0.43  -0.74  0
0.43  -0.65  0
0.43  -0.57  0
0.43  -0.49  0
0.43  -0.42  0
0.43  -0.36  0
3.18  25.16  0
3.18  0.51  0
3.18  0.60  0
3.18  0.68  0
3.18  0.75  0
3.18  0.81  0
3.18  0.87  0
5.75  24.72  0
5.75  1.69  0
5.75  1.77  0
5.75  1.85  0
5.75  1.92  0
5.75  1.98  0
5.75  2.03  0
7.93  22.27  0
7.93  2.73  0
7.93  2.81  0
7.93  2.88  0
7.93  2.94  0
7.93  2.99  0
7.93  3.04  0
9.75  19.94  0
9.75  3.63  0
9.75  3.70  0
9.75  3.76  0
9.75  3.81  0
9.75  3.86  0
9.75  3.90  0
9.75  3.94  0
11.12  16.66  0
11.12  4.39  0
11.12  4.44  0
11.12  4.48  0
11.12  4.52  0
11.12  4.56  0
11.12  4.59  0
11.56  8.70  0
11.56  4.77  0
11.56  4.81  0
11.56  4.83  0
11.56  4.86  0
11.56  4.88  0
11.56  4.90  0
11.43  3.72  0
11.43  4.90  0
11.43  4.91  0
11.43  4.93  0
11.43  4.94  0
11.43  4.94  0
11.43  4.95  0
11.25  3.29  0
11.25  4.92  0
11.25  4.92  0
11.25  4.92  0
11.25  4.93  0
11.25  4.93  0
11.25  4.93  0
10.75  0.30  0
10.75  4.80  0
10.75  4.79  0
10.75  4.78  0
10.75  4.78  0
10.75  4.77  0
10.75  4.77  0
10.37  1.25  0
10.37  4.66  0
10.37  4.65  0
10.37  4.64  0
10.37  4.63  0
10.37  4.62  0
10.37  4.62  0
9.93  0.54  0
9.93  4.48  0
9.93  4.47  0
9.93  4.46  0
9.93  4.45  0
9.93  4.45  0
9.93  4.44  0
9.62  1.56  0
9.62  4.34  0
9.62  4.33  0
9.62  4.32  0
9.62  4.31  0
9.62  4.30  0
9.62  4.30  0
9.43  2.53  0
9.43  4.23  0
9.43  4.22  0
9.43  4.22  0
9.43  4.21  0
9.43  4.20  0
9.43  4.20  0
9.25  2.53  0
9.25  4.14  0
9.25  4.13  0
9.25  4.13  0
9.25  4.12  0
9.25  4.11  0
9.25  4.11  0
9.25  4.11  0
9.25  4.10  0
9.25  4.10  0
9.25  4.10  0
9.25  4.09  0
9.25  4.09  0
9.25  4.09  0
9.25  4.09  0
9.25  4.09  0
9.25  4.08  0
9.25  4.08  0
9.25  4.08  0
9.25  4.08  0
9.25  4.08  0
9.31  4.63  0
9.31  4.09  0
9.31  4.09  0
9.31  4.09  0
9.31  4.09  0
9.31  4.09  0
9.31  4.10  0
9.37  4.65  0
9.37  4.11  0
9.37  4.11  0
9.37  4.11  0
9.37  4.11  0
9.37  4.12  0
9.37  4.12  0
9.43  4.67  0
9.43  4.13  0
9.43  4.14  0
9.43  4.14  0
9.43  4.14  0
9.43  4.14  0
9.43  4.14  0
9.43  4.14  0
9.43  4.14  0
9.43  4.14  0
9.43  4.14  0
9.43  4.14  0
9.43  4.14  0
9.43  4.14  0
9.43  4.15  0
9.43  4.15  0
9.43  4.15  0
9.43  4.15  0
9.43  4.15  0
9.43  4.15  0
9.43  4.15  0
9.43  4.15  0
9.43  4.15  0
9.43  4.15  0
9.43  4.15  0
9.43  4.15  0
9.43  4.15  0
9.37  3.59  0
9.37  4.13  0
9.37  4.13  0
9.37  4.13  0
9.37  4.13  0
9.37  4.13  0
9.37  4.13  0
9.37  4.13  0
9.37  4.13  0
9.37  4.13  0
9.37  4.13  0
9.37  4.13  0
9.37  4.13  0
9.37  4.13  0
9.37  4.13  0
9.37  4.12  0
9.37  4.12  0
9.37  4.12  0
9.37  4.12  0
9.37  4.12  0
9.37  4.12  0
9.37  4.12  0
9.37  4.12  0
9.37  4.12  0
9.37  4.12  0
9.37  4.12  0
9.37  4.12  0
9.37  4.12  0
9.37  4.12  0
9.37  4.12  0
9.37  4.12  0
9.37  4.12  0
9.37  4.12  0
9.37  4.12  0
9.37  4.12  0
9.43  4.68  0
9.43  4.14  0
9.43  4.14  0
9.43  4.14  0
9.43  4.14  0
9.43  4.14  0
9.43  4.14  0
9.43  4.14  0
9.43  4.14  0
9.43  4.15  0
9.43  4.15  0
9.43  4.15  0
9.43  4.15  0
9.43  4.15  0
9.50  4.79  0
9.50  4.17  0
9.50  4.17  0
9.50  4.17  0
9.50  4.17  0
9.50  4.17  0
9.50  4.17  0
9.50  4.17  0
9.50  4.17  0
9.50  4.17  0
9.50  4.17  0
9.50  4.18  0
9.50  4.18  0
9.50  4.18  0
9.50  4.18  0
9.50  4.18  0
9.50  4.18  0
9.50  4.18  0
9.50  4.18  0
9.50  4.18  0
9.56  4.73  0
9.56  4.20  0
9.56  4.20  0
9.56  4.20  0
9.56  4.20  0
9.56  4.20  0
9.56  4.20  0
9.56  4.20  0
9.62  4.76  0
9.62  4.22  0
9.62  4.22  0
9.62  4.22  0
9.62  4.22  0
9.62  4.22  0
9.62  4.22  0
9.62  4.23  0
9.62  4.23  0
9.62  4.23  0
9.62  4.23  0
9.62  4.23  0
9.62  4.23  0
9.62  4.23  0
9.62  4.23  0
9.68  4.79  0
9.68  4.25  0
9.68  4.25  0
9.68  4.25  0
9.68  4.25  0
9.68  4.25  0
9.68  4.25  0
9.75  4.90  0
9.75  4.27  0
9.75  4.27  0
9.75  4.28  0
9.75  4.28  0
9.75  4.28  0
9.75  4.28  0
9.87  5.39  0
9.87  4.32  0
9.87  4.32  0
9.87  4.32  0
9.87  4.32  0
9.87  4.32  0
9.87  4.33  0
10.06  6.09  0
10.06  4.38  0
10.06  4.39  0
10.06  4.39  0
10.06  4.39  0
10.06  4.40  0
10.06  4.40  0
10.31  6.72  0
10.31  4.47  0
10.31  4.48  0
10.31  4.49  0
10.31  4.49  0
10.31  4.50  0
10.31  4.50  0
10.75  8.58  0
10.75  4.63  0
10.75  4.64  0
10.75  4.65  0
10.75  4.66  0
10.75  4.66  0
10.75  4.67  0
11.37  10.42  0
11.37  4.85  0
11.37  4.87  0
11.37  4.88  0
11.37  4.89  0
11.37  4.91  0
11.37  4.92  0
12.06  11.31  0
12.06  5.12  0
12.06  5.14  0
12.06  5.16  0
12.06  5.17  0
12.06  5.19  0
12.06  5.20  0
12.68  10.95  0
12.68  5.39  0
12.68  5.41  0
12.68  5.43  0
12.68  5.44  0
12.68  5.46  0
12.68  5.47  0
13.43  12.42  0
13.43  5.70  0
13.43  5.72  0
13.43  5.74  0
13.43  5.76  0
13.43  5.77  0
13.43  5.78  0
14.43  15.06  0
14.43  6.09  0
14.43  6.11  0
14.43  6.14  0
14.43  6.16  0
14.43  6.18  0
14.43  6.19  0
15.75  18.43  0
15.75  6.59  0
15.75  6.62  0
15.75  6.65  0
15.75  6.68  0
15.75  6.71  0
15.75  6.73  0
17.43  22.31  0
17.43  7.23  0
17.43  7.28  0
17.43  7.32  0
17.43  7.35  0
17.43  7.38  0
17.43  7.41  0
19.25  24.29  0
19.25  7.97  0
19.25  8.02  0
19.25  8.06  0
19.25  8.10  0
19.25  8.14  0
19.25  8.17  0
21.50  29.04  0
21.50  8.86  0
21.50  8.92  0
21.50  8.97  0
21.50  9.02  0
21.50  9.06  0
21.50  9.10  0
24.06  32.84  0
24.06  9.88  0
24.06  9.95  0
24.06  10.02  0
24.06  10.07  0
24.06  10.12  0
24.06  10.17  0
24.06  10.21  0
26.87  36.27  0
26.87  11.06  0
26.87  11.14  0
26.87  11.21  0
26.87  11.27  0
26.87  11.33  0
26.87  11.38  0
29.68  37.44  0
29.68  12.24  0
29.68  12.32  0
29.68  12.40  0
29.68  12.46  0
29.68  12.52  0
29.68  12.58  0
32.12  35.22  0
32.12  13.35  0
32.12  13.42  0
32.12  13.50  0
32.12  13.56  0
32.12  13.62  0
32.12  13.67  0
33.87  29.92  0
33.87  14.24  0
33.87  14.31  0
33.87  14.37  0
33.87  14.42  0
33.87  14.47  0
33.87  14.51  0
35.18  26.68  0
35.18  14.95  0
35.18  15.00  0
35.18  15.05  0
35.18  15.09  0
35.18  15.13  0
35.18  15.17  0
36.25  25.11  0
36.25  15.52  0
36.25  15.57  0
36.25  15.61  0
36.25  15.64  0
36.25  15.67  0
36.25  15.70  0
36.75  20.35  0
36.75  15.89  0
36.75  15.91  0
36.75  15.94  0
36.75  15.96  0
36.75  15.98  0
36.75  16.00  0
36.75  16.02  0
36.75  16.03  0
36.75  16.05  0
36.75  16.06  0
36.75  16.07  0
36.75  16.08  0
36.75  16.09  0
36.06  9.71  0
36.06  15.91  0
36.06  15.91  0
36.06  15.90  0
36.06  15.90  0
36.06  15.90  0
36.06  15.89  0
35.06  6.63  0
35.06  15.61  0
35.06  15.59  0
35.06  15.58  0
35.06  15.56  0
35.06  15.55  0
35.06  15.54  0
34.00  5.71  0
34.00  15.22  0
34.00  15.19  0
34.00  15.17  0
34.00  15.15  0
34.00  15.13  0
34.00  15.11  0
34.00  15.10  0
32.62  2.31  0
32.62  14.69  0
32.62  14.65  0
32.62  14.62  0
32.62  14.60  0
32.62  14.57  0
32.62  14.55  0
30.87  -1.67  0
30.87  14.03  0
30.87  13.98  0
30.87  13.94  0
30.87  13.91  0
30.87  13.87  0
30.87  13.84  0
28.75  -5.81  0
28.75  13.21  0
28.75  13.15  0
28.75  13.10  0
28.75  13.06  0
28.75  13.01  0
28.75  12.98  0
26.62  -6.78  0
26.62  12.32  0
26.62  12.26  0
26.62  12.21  0
26.62  12.16  0
26.62  12.11  0
26.62  12.07  0
24.50  -7.59  0
24.50  11.42  0
24.50  11.35  0
24.50  11.29  0
24.50  11.24  0
24.50  11.20  0
24.50  11.16  0
21.93  -12.68  0
21.93  10.37  0
21.93  10.30  0
21.93  10.23  0
21.93  10.17  0
21.93  10.12  0
21.93  10.07  0
19.12  -15.99  0
19.12  9.21  0
19.12  9.13  0
19.12  9.06  0
19.12  9.00  0
19.12  8.94  0
19.12  8.89  0
16.43  -16.07  0
16.43  8.05  0
16.43  7.97  0
16.43  7.89  0
16.43  7.83  0
16.43  7.77  0
16.43  7.71  0
16.43  7.66  0
13.68  -17.84  0
13.68  6.82  0
13.68  6.74  0
13.68  6.67  0
13.68  6.60  0
13.68  6.54  0
13.68  6.49  0
10.87  -19.58  0
10.87  5.62  0
10.87  5.54  0
10.87  5.46  0
10.87  5.39  0
10.87  5.33  0
10.87  5.28  0
8.31  -18.48  0
8.31  4.47  0
8.31  4.39  0
8.31  4.32  0
8.31  4.25  0
8.31  4.19  0
8.31  4.14  0
5.62  -20.82  0
5.62  3.30  0
5.62  3.22  0
5.62  3.14  0
5.62  3.07  0
5.62  3.01  0
5.62  2.96  0
3.12  -20.24  0
3.12  2.17  0
3.12  2.09  0
3.12  2.02  0
3.12  1.96  0
3.12  1.90  0
3.12  1.85  0
0.68  -20.80  0
0.68  1.08  0
0.68  1.00  0
0.68  0.93  0
0.68  0.87  0
0.68  0.81  0
0.68  0.76  0
-1.62  -20.59  0
-1.62  0.03  0
-1.62  -0.04  0
-1.62  -0.11  0
-1.62  -0.17  0
-1.62  -0.22  0
-1.62  -0.27  0
-3.62  -18.84  0
-3.62  -0.91  0
-3.62  -0.98  0
-3.62  -1.04  0
-3.62  -1.10  0
-3.62  -1.15  0
-3.62  -1.19  0
-5.18  -15.68  0
-5.18  -1.70  0
-5.18  -1.76  0
-5.18  -1.81  0
-5.18  -1.86  0
-5.18  -1.90  0
-5.18  -1.94  0
-6.56  -14.75  0
-6.56  -2.39  0
-6.56  -2.44  0
-6.56  -2.48  0
-6.56  -2.52  0
-6.56  -2.56  0
-6.56  -2.59  0
-7.68  -12.99  0
-7.68  -2.96  0
-7.68  -3.00  0
-7.68  -3.04  0
-7.68  -3.07  0
-7.68  -3.10  0
-7.68  -3.13  0
-8.18  -7.79  0
-8.18  -3.32  0
-8.18  -3.35  0
-8.18  -3.37  0
-8.18  -3.39  0
-8.18  -3.41  0
-8.18  -3.43  0
-8.18  -3.45  0
-8.37  -5.22  0
-8.37  -3.53  0
-8.37  -3.55  0
-8.37  -3.56  0
-8.37  -3.57  0
-8.37  -3.58  0
-8.37  -3.59  0
-8.25  -2.49  0
-8.25  -3.58  0
-8.25  -3.58  0
-8.25  -3.59  0
-8.25  -3.59  0
-8.25  -3.59  0
-8.25  -3.60  0
-7.93  -0.64  0
-7.93  -3.52  0
-7.93  -3.51  0
-7.93  -3.51  0
-7.93  -3.51  0
-7.93  -3.51  0
-7.93  -3.50  0
-7.75  -1.84  0
-7.75  -3.45  0
-7.75  -3.45  0
-7.75  -3.44  0
-7.75  -3.44  0
-7.75  -3.44  0
-7.75  -3.43  0
-7.56  -1.67  0
-7.56  -3.38  0
-7.56  -3.37  0
-7.56  -3.37  0
-7.56  -3.36  0
-7.56  -3.36  0
-7.56  -3.36  0
-7.37  -1.59  0
-7.37  -3.30  0
-7.37  -3.29  0
-7.37  -3.29  0
-7.37  -3.28  0
-7.37  -3.28  0
-7.37  -3.28  0
-7.25  -2.16  0
-7.25  -3.24  0
-7.25  -3.23  0
-7.25  -3.23  0
-7.25  -3.22  0
-7.25  -3.22  0
-7.25  -3.22  0
-7.12  -2.01  0
-7.12  -3.18  0
-7.12  -3.17  0
-7.12  -3.17  0
-7.12  -3.16  0
-7.12  -3.16  0
-7.12  -3.16  0
-7.06  -2.60  0
-7.06  -3.14  0
-7.06  -3.13  0
-7.06  -3.13  0
-7.06  -3.13  0
-7.06  -3.13  0
-7.06  -3.12  0
-7.00  -2.57  0
-7.00  -3.10  0
-7.00  -3.10  0
-7.00  -3.10  0
-7.00  -3.10  0
-7.00  -3.10  0
-7.00  -3.09  0
-6.93  -2.44  0
-6.93  -3.07  0
-6.93  -3.07  0
-6.93  -3.07  0
-6.93  -3.07  0
-6.93  -3.06  0
-6.93  -3.06  0
-6.93  -3.06  0
-6.93  -3.06  0
-6.93  -3.06  0
-6.93  -3.06  0
-6.93  -3.06  0
-6.93  -3.06  0
-6.93  -3.06  0
-7.00  -3.70  0
-7.00  -3.07  0
-7.00  -3.07  0
-7.00  -3.08  0
-7.00  -3.08  0
-7.00  -3.08  0
-7.00  -3.08  0
-7.00  -3.08  0
-7.00  -3.08  0
-7.00  -3.08  0
-7.00  -3.08  0
-7.00  -3.08  0
-7.00  -3.08  0
-7.00  -3.08  0
-7.00  -3.08  0
-7.00  -3.08  0
-7.00  -3.08  0
-7.00  -3.08  0
-7.00  -3.08  0
-7.00  -3.08  0
-7.00  -3.08  0
-7.00  -3.08  0
-7.00  -3.08  0
-7.00  -3.08  0
-7.00  -3.08  0
-7.00  -3.08  0
-7.00  -3.08  0
-7.00  -3.08  0
-7.00  -3.08  0
-7.00  -3.08  0
-7.00  -3.08  0
-7.00  -3.08  0
-7.00  -3.08  0
-7.00  -3.08  0
-7.00  -3.08  0
-7.00  -3.08  0
-7.00  -3.08  0
-7.00  -3.08  0
-7.00  -3.08  0
-7.00  -3.08  0
-7.00  -3.08  0
-7.00  -3.08  0
-7.00  -3.08  0
-7.00  -3.08  0
-7.00  -3.08  0
-7.00  -3.08  0
-7.00  -3.08  0
-7.00  -3.08  0
-7.00  -3.08  0
-6.93  -2.43  0
-6.93  -3.06  0
-6.93  -3.06  0
-6.93  -3.06  0
-6.93  -3.06  0
-6.93  -3.06  0
-6.93  -3.06  0
-6.93  -3.06  0
-6.93  -3.05  0
-6.93  -3.05  0
-6.93  -3.05  0
-6.93  -3.05  0
-6.93  -3.05  0
-6.93  -3.05  0
-6.93  -3.05  0
-6.93  -3.05  0
-6.93  -3.05  0
-6.93  -3.05  0
-6.93  -3.05  0
-6.93  -3.05  0
-6.93  -3.05  0
-6.93  -3.05  0
-6.93  -3.05  0
-6.93  -3.05  0
-6.93  -3.05  0
-6.93  -3.05  0
-6.93  -3.05  0
-6.93  -3.05  0
-6.93  -3.05  0
-6.93  -3.05  0
-6.93  -3.05  0
-6.93  -3.05  0
-6.93  -3.05  0
-6.93  -3.05  0
-6.93  -3.05  0
-7.06  -4.25  0
-7.06  -3.09  0
-7.06  -3.09  0
-7.06  -3.09  0
-7.06  -3.09  0
-7.06  -3.09  0
-7.06  -3.09  0
-7.31  -5.41  0
-7.31  -3.17  0
-7.31  -3.17  0
-7.31  -3.18  0
-7.31  -3.18  0
-7.31  -3.18  0
-7.31  -3.19  0
-7.75  -7.26  0
-7.75  -3.31  0
-7.75  -3.32  0
-7.75  -3.33  0
-7.75  -3.34  0
-7.75  -3.35  0
-7.75  -3.35  0
-8.43  -9.66  0
-8.43  -3.55  0
-8.43  -3.57  0
-8.43  -3.58  0
-8.43  -3.60  0
-8.43  -3.61  0
-8.43  -3.62  0
-9.31  -11.78  0
-9.31  -3.88  0
-9.31  -3.90  0
-9.31  -3.92  0
-9.31  -3.94  0
-9.31  -3.95  0
-9.31  -3.97  0
-10.37  -13.80  0
-10.37  -4.29  0
-10.37  -4.31  0
-10.37  -4.34  0
-10.37  -4.36  0
-10.37  -4.38  0
-10.37  -4.40  0
-11.25  -12.57  0
-11.25  -4.68  0
-11.25  -4.70  0
-11.25  -4.73  0
-11.25  -4.75  0
-11.25  -4.77  0
-11.25  -4.79  0
-12.12  -12.86  0
-12.12  -5.06  0
-12.12  -5.09  0
-12.12  -5.11  0
-12.12  -5.13  0
-12.12  -5.15  0
-12.12  -5.17  0
-13.25  -15.65  0
-13.25  -5.52  0
-13.25  -5.55  0
-13.25  -5.58  0
-13.25  -5.60  0
-13.25  -5.62  0
-13.25  -5.65  0
-14.81  -20.11  0
-14.81  -6.11  0
-14.81  -6.15  0
-14.81  -6.19  0
-14.81  -6.22  0
-14.81  -6.25  0
-14.81  -6.28  0
-16.62  -23.06  0
-16.62  -6.83  0
-16.62  -6.88  0
-16.62  -6.92  0
-16.62  -6.96  0
-16.62  -6.99  0
-16.62  -7.03  0
-19.00  -29.09  0
-19.00  -7.74  0
-19.00  -7.80  0
-19.00  -7.86  0
-19.00  -7.91  0
-19.00  -7.95  0
-19.00  -8.00  0
-21.56  -31.74  0
-21.56  -8.78  0
-21.56  -8.85  0
-21.56  -8.91  0
-21.56  -8.97  0
-21.56  -9.02  0
-21.56  -9.07  0
-24.31  -34.57  0
-24.31  -9.91  0
-24.31  -9.99  0
-24.31  -10.06  0
-24.31  -10.12  0
-24.31  -10.18  0
-24.31  -10.23  0
-27.18  -36.86  0
-27.18  -11.12  0
-27.18  -11.20  0
-27.18  -11.28  0
-27.18  -11.35  0
-27.18  -11.41  0
-27.18  -11.46  0
-30.25  -39.94  0
-30.25  -12.41  0
-30.25  -12.50  0
-30.25  -12.58  0
-30.25  -12.65  0
-30.25  -12.72  0
-30.25  -12.78  0
-33.56  -43.48  0
-33.56  -13.80  0
-33.56  -13.90  0
-33.56  -13.98  0
-33.56  -14.06  0
-33.56  -14.13  0
-33.56  -14.20  0
-33.56  -14.25  0
-36.75  -43.84  0
-36.75  -15.24  0
-36.75  -15.33  0
-36.75  -15.41  0
-36.75  -15.49  0
-36.75  -15.56  0
-36.75  -15.62  0
-39.43  -40.49  0
-39.43  -16.47  0
-39.43  -16.56  0
-39.43  -16.64  0
-39.43  -16.71  0
-39.43  -16.77  0
-39.43  -16.83  0
-41.87  -39.48  0
-41.87  -17.61  0
-41.87  -17.69  0
-41.87  -17.76  0
-41.87  -17.83  0
-41.87  -17.89  0
-41.87  -17.94  0
-44.12  -38.82  0
-44.12  -18.66  0
-44.12  -18.73  0
-44.12  -18.80  0
-44.12  -18.86  0
-44.12  -18.92  0
-44.12  -18.97  0
-46.00  -36.42  0
-46.00  -19.57  0
-46.00  -19.64  0
-46.00  -19.70  0
-46.00  -19.75  0
-46.00  -19.80  0
-46.00  -19.85  0
-46.81  -27.39  0
-46.81  -20.15  0
-46.81  -20.19  0
-46.81  -20.23  0
-46.81  -20.27  0
-46.81  -20.30  0
-46.81  -20.33  0
-47.37  -25.54  0
-47.37  -20.54  0
-47.37  -20.57  0
-47.37  -20.60  0
-47.37  -20.62  0
-47.37  -20.64  0
-47.37  -20.66  0
-48.00  -26.51  0
-48.00  -20.87  0
-48.00  -20.90  0
-48.00  -20.92  0
-48.00  -20.94  0
-48.00  -20.96  0
-48.00  -20.97  0
-47.75  -18.67  0
-47.75  -20.93  0
-47.75  -20.94  0
-47.75  -20.95  0
-47.75  -20.95  0
-47.75  -20.96  0
-47.75  -20.96  0
-46.62  -10.50  0
-46.62  -20.66  0
-46.62  -20.64  0
-46.62  -20.63  0
-46.62  -20.62  0
-46.62  -20.61  0
-46.62  -20.60  0
-45.18  -7.26  0
-45.18  -20.18  0
-45.18  -20.15  0
-45.18  -20.12  0
-45.18  -20.10  0
-45.18  -20.08  0
-45.18  -20.06  0
-45.18  -20.04  0
-43.06  -0.39  0
-43.06  -19.42  0
-43.06  -19.37  0
-43.06  -19.33  0
-43.06  -19.29  0
-43.06  -19.26  0
-43.06  -19.23  0
-40.43  5.16  0
-40.43  -18.44  0
-40.43  -18.38  0
-40.43  -18.32  0
-40.43  -18.27  0
-40.43  -18.22  0
-40.43  -18.17  0
-37.43  9.64  0
-37.43  -17.27  0
-37.43  -17.19  0
-37.43  -17.12  0
-37.43  -17.05  0
-37.43  -16.99  0
-37.43  -16.94  0
-33.68  17.83  0
-33.68  -15.81  0
-33.68  -15.71  0
-33.68  -15.62  0
-33.68  -15.54  0
-33.68  -15.47  0
-33.68  -15.40  0
-29.37  24.57  0
-29.37  -14.09  0
-29.37  -13.98  0
-29.37  -13.87  0
-29.37  -13.78  0
-29.37  -13.69  0
-29.37  -13.61  0
-24.87  28.12  0
-24.87  -12.23  0
-24.87  -12.10  0
-24.87  -11.99  0
-24.87  -11.88  0
-24.87  -11.79  0
-24.87  -11.70  0
-20.50  28.84  0
-20.50  -10.34  0
-20.50  -10.21  0
-20.50  -10.09  0
-20.50  -9.99  0
-20.50  -9.89  0
-20.50  -9.80  0
-15.75  34.26  0
-15.75  -8.33  0
-15.75  -8.19  0
-15.75  -8.07  0
-15.75  -7.95  0
-15.75  -7.85  0
-15.75  -7.76  0
-10.87  37.51  0
-10.87  -6.24  0
-10.87  -6.10  0
-10.87  -5.97  0
-10.87  -5.85  0
-10.87  -5.74  0
-10.87  -5.65  0
-6.31  36.67  0
-6.31  -4.21  0
-6.31  -4.07  0
-6.31  -3.94  0
-6.31  -3.82  0
-6.31  -3.72  0
-6.31  -3.63  0
-6.31  -3.54  0
-1.87  37.65  0
-1.87  -2.16  0
-1.87  -2.03  0
-1.87  -1.91  0
-1.87  -1.80  0
-1.87  -1.70  0
-1.87  -1.61  0
2.43  38.28  0
2.43  -0.27  0
2.43  -0.13  0
2.43  -0.01  0
2.43  0.09  0
2.43  0.19  0
2.43  0.28  0
6.62  39.16  0
6.62  1.59  0
6.62  1.73  0
6.62  1.85  0
6.62  1.95  0
6.62  2.05  0
6.62  2.13  0
10.50  38.14  0
10.50  3.36  0
10.50  3.49  0
10.50  3.60  0
10.50  3.70  0
10.50  3.79  0
10.50  3.88  0
14.06  36.92  0
14.06  5.01  0
14.06  5.13  0
14.06  5.23  0
14.06  5.33  0
14.06  5.41  0
14.06  5.49  0
17.12  33.90  0
17.12  6.47  0
17.12  6.58  0
17.12  6.67  0
17.12  6.76  0
17.12  6.84  0
17.12  6.91  0
19.62  30.12  0
19.62  7.72  0
19.62  7.81  0
19.62  7.89  0
19.62  7.97  0
19.62  8.03  0
19.62  8.09  0
21.06  21.48  0
21.06  8.60  0
21.06  8.66  0
21.06  8.72  0
21.06  8.78  0
21.06  8.83  0
21.06  8.87  0
21.37  11.78  0
21.37  9.03  0
21.37  9.07  0
21.37  9.10  0
21.37  9.13  0
21.37  9.16  0
21.37  9.18  0
21.06  6.34  0
21.06  9.14  0
21.06  9.15  0
21.06  9.16  0
21.06  9.17  0
21.06  9.18  0
21.06  9.19  0
21.06  9.20  0
20.37  2.82  0
20.37  9.02  0
20.37  9.01  0
20.37  9.01  0
20.37  9.00  0
20.37  9.00  0
20.37  9.00  0
19.50  0.94  0
19.50  8.75  0
19.50  8.73  0
19.50  8.72  0
19.50  8.70  0
19.50  8.69  0
19.50  8.68  0
18.68  1.08  0
18.68  8.43  0
18.68  8.41  0
18.68  8.39  0
18.68  8.37  0
18.68  8.36  0
18.68  8.35  0
17.87  0.83  0
17.87  8.10  0
17.87  8.07  0
17.87  8.05  0
17.87  8.03  0
17.87  8.02  0
17.87  8.00  0
16.93  -0.72  0
16.93  7.71  0
16.93  7.69  0
16.93  7.66  0
16.93  7.64  0
16.93  7.62  0
16.93  7.60  0
15.93  -1.67  0
15.93  7.30  0
15.93  7.27  0
15.93  7.24  0
15.93  7.22  0
15.93  7.20  0
15.93  7.18  0
14.75  -3.76  0
14.75  6.82  0
14.75  6.79  0
14.75  6.76  0
14.75  6.73  0
14.75  6.71  0
14.75  6.68  0
13.62  -3.80  0
13.62  6.33  0
13.62  6.30  0
13.62  6.27  0
13.62  6.24  0
13.62  6.22  0
13.62  6.19  0
12.50  -4.20  0
12.50  5.84  0
12.50  5.81  0
12.50  5.78  0
12.50  5.75  0
12.50  5.73  0
12.50  5.70  0
11.31  -5.34  0
11.31  5.33  0
11.31  5.30  0
11.31  5.27  0
11.31  5.24  0
11.31  5.21  0
11.31  5.19  0
11.31  5.17  0
10.12  -5.87  0
10.12  4.80  0
10.12  4.76  0
10.12  4.73  0
10.12  4.71  0
10.12  4.68  0
10.12  4.66  0
8.93  -6.38  0
8.93  4.29  0
8.93  4.25  0
8.93  4.22  0
8.93  4.19  0
8.93  4.16  0
8.93  4.14  0
7.75  -6.81  0
7.75  3.77  0
7.75  3.74  0
7.75  3.70  0
7.75  3.67  0
7.75  3.65  0
7.75  3.62  0
6.68  -6.31  0
6.68  3.29  0
6.68  3.25  0
6.68  3.22  0
6.68  3.19  0
6.68  3.17  0
6.68  3.14  0
5.62  -6.69  0
5.62  2.81  0
5.62  2.78  0
5.62  2.75  0
5.62  2.72  0
5.62  2.69  0
5.62  2.67  0
4.68  -6.05  0
4.68  2.37  0
4.68  2.34  0
4.68  2.31  0
4.68  2.29  0
4.68  2.27  0
4.68  2.24  0
3.87  -5.27  0
3.87  1.98  0
3.87  1.96  0
3.87  1.93  0
3.87  1.91  0
3.87  1.89  0
3.87  1.87  0
3.31  -3.33  0
3.31  1.68  0
3.31  1.66  0
3.31  1.64  0
3.31  1.62  0
3.31  1.60  0
3.31  1.59  0
2.93  -1.94  0
2.93  1.46  0
2.93  1.44  0
2.93  1.43  0
2.93  1.41  0
2.93  1.40  0
2.93  1.39  0
2.68  -0.94  0
2.68  1.30  0
2.68  1.29  0
2.68  1.28  0
2.68  1.27  0
2.68  1.26  0
2.68  1.25  0
2.68  1.24  0
2.68  1.24  0
2.68  1.23  0
2.68  1.23  0
2.68  1.22  0
2.68  1.22  0
2.68  1.21  0
2.87  2.97  0
2.87  1.26  0
2.87  1.26  0
2.87  1.26  0
2.87  1.26  0
2.87  1.26  0
2.87  1.26  0
3.00  2.47  0
3.00  1.30  0
3.00  1.30  0
3.00  1.30  0
3.00  1.30  0
3.00  1.31  0
3.00  1.31  0
3.12  2.42  0
3.12  1.34  0
3.12  1.35  0
3.12  1.35  0
3.12  1.35  0
3.12  1.35  0
3.12  1.35  0
3.25  2.56  0
3.25  1.39  0
3.25  1.40  0
3.25  1.40  0
3.25  1.40  0
3.25  1.41  0
3.25  1.41  0
3.37  2.52  0
3.37  1.45  0
3.37  1.45  0
3.37  1.45  0
3.37  1.46  0
3.37  1.46  0
3.37  1.46  0
3.43  2.02  0
3.43  1.48  0
3.43  1.48  0
3.43  1.49  0
3.43  1.49  0
3.43  1.49  0
3.43  1.49  0
3.56  2.70  0
3.56  1.53  0
3.56  1.54  0
3.56  1.54  0
3.56  1.54  0
3.56  1.54  0
3.56  1.55  0
3.62  2.10  0
3.62  1.57  0
3.62  1.57  0
3.62  1.57  0
3.62  1.57  0
3.62  1.58  0
3.62  1.58  0
3.75  2.78  0
3.75  1.62  0
3.75  1.62  0
3.75  1.62  0
3.75  1.63  0
3.75  1.63  0
3.75  1.63  0
3.75  1.63  0
3.81  2.19  0
3.81  1.65  0
3.81  1.65  0
3.81  1.66  0
3.81  1.66  0
3.81  1.66  0
3.81  1.66  0
4.00  3.42  0
4.00  1.72  0
4.00  1.72  0
4.00  1.73  0
4.00  1.73  0
4.00  1.73  0
4.00  1.74  0
4.31  4.61  0
4.31  1.83  0
4.31  1.83  0
4.31  1.84  0
4.31  1.85  0
4.31  1.85  0
4.31  1.85  0
4.81  6.49  0
4.81  2.00  0
4.81  2.01  0
4.81  2.02  0
4.81  2.03  0
4.81  2.04  0
4.81  2.05  0
5.56  9.00  0
5.56  2.27  0
5.56  2.29  0
5.56  2.30  0
5.56  2.32  0
5.56  2.33  0
5.56  2.34  0
6.43  10.41  0
6.43  2.60  0
6.43  2.63  0
6.43  2.65  0
6.43  2.66  0
6.43  2.68  0
6.43  2.70  0
7.68  14.28  0
7.68  3.07  0
7.68  3.10  0
7.68  3.13  0
7.68  3.15  0
7.68  3.18  0
7.68  3.20  0
9.12  16.55  0
9.12  3.63  0
9.12  3.67  0
9.12  3.70  0
9.12  3.73  0
9.12  3.76  0
9.12  3.79  0
10.75  18.90  0
10.75  4.28  0
10.75  4.33  0
10.75  4.37  0
10.75  4.40  0
10.75  4.44  0
10.75  4.47  0
12.75  23.01  0
12.75  5.07  0
12.75  5.13  0
12.75  5.17  0
12.75  5.22  0
12.75  5.26  0
12.75  5.29  0
15.18  27.83  0
15.18  6.03  0
15.18  6.09  0
15.18  6.15  0
15.18  6.20  0
15.18  6.25  0
15.18  6.29  0
18.18  34.11  0
18.18  7.20  0
18.18  7.28  0
18.18  7.35  0
18.18  7.42  0
18.18  7.48  0
18.18  7.53  0
22.00  42.95  0
22.00  8.68  0
22.00  8.78  0
22.00  8.87  0
22.00  8.95  0
22.00  9.02  0
22.00  9.09  0
26.37  49.61  0
26.37  10.42  0
26.37  10.54  0
26.37  10.64  0
26.37  10.74  0
26.37  10.82  0
26.37  10.90  0
31.25  56.16  0
31.25  12.39  0
31.25  12.53  0
31.25  12.65  0
31.25  12.76  0
31.25  12.86  0
31.25  12.95  0
36.50  61.64  0
36.50  14.56  0
36.50  14.71  0
36.50  14.84  0
36.50  14.97  0
36.50  15.08  0
36.50  15.17  0
41.81  64.43  0
41.81  16.82  0
41.81  16.98  0
41.81  17.12  0
41.81  17.25  0
41.81  17.36  0
41.81  17.46  0
47.18  67.28  0
47.18  19.13  0
47.18  19.30  0
47.18  19.44  0
47.18  19.57  0
47.18  19.69  0
47.18  19.80  0
52.50  69.16  0
52.50  21.46  0
52.50  21.63  0
52.50  21.77  0
52.50  21.91  0
52.50  22.02  0
52.50  22.13  0
52.50  22.23  0
57.62  69.73  0
57.62  23.82  0
57.62  23.97  0
57.62  24.11  0
57.62  24.23  0
57.62  24.35  0
57.62  24.45  0
62.37  68.52  0
62.37  25.94  0
62.37  26.09  0
62.37  26.22  0
62.37  26.35  0
62.37  26.46  0
62.37  26.55  0
66.12  61.37  0
66.12  27.77  0
66.12  27.90  0
66.12  28.02  0
66.12  28.13  0
66.12  28.22  0
66.12  28.31  0
68.93  54.41  0
68.93  29.24  0
68.93  29.35  0
68.93  29.45  0
68.93  29.53  0
68.93  29.61  0
68.93  29.69  0
70.87  47.71  0
70.87  30.35  0
70.87  30.43  0
70.87  30.51  0
70.87  30.57  0
70.87  30.63  0
70.87  30.69  0
71.31  34.81  0
71.31  30.91  0
71.31  30.95  0
71.31  30.99  0
71.31  31.03  0
71.31  31.07  0
71.31  31.10  0
70.81  26.50  0
70.81  31.01  0
70.81  31.03  0
70.81  31.04  0
70.81  31.05  0
70.81  31.06  0
70.81  31.07  0
69.81  21.82  0
69.81  30.81  0
69.81  30.80  0
69.81  30.79  0
69.81  30.78  0
69.81  30.78  0
69.81  30.77  0
67.62  10.49  0
67.62  30.15  0
67.62  30.11  0
67.62  30.08  0
67.62  30.04  0
67.62  30.01  0
67.62  29.99  0
63.75  -5.87  0
63.75  28.87  0
63.75  28.79  0
63.75  28.71  0
63.75  28.65  0
63.75  28.59  0
63.75  28.53  0
58.87  -16.70  0
58.87  27.08  0
58.87  26.97  0
58.87  26.86  0
58.87  26.76  0
58.87  26.68  0
58.87  26.60  0
58.87  26.53  0
53.18  -26.22  0
53.18  24.83  0
53.18  24.69  0
53.18  24.56  0
53.18  24.44  0
53.18  24.34  0
53.18  24.24  0
47.12  -31.96  0
47.12  22.40  0
47.12  22.23  0
47.12  22.08  0
47.12  21.95  0
47.12  21.83  0
47.12  21.72  0
40.75  -37.37  0
40.75  19.76  0
40.75  19.58  0
40.75  19.41  0
40.75  19.26  0
40.75  19.13  0
40.75  19.01  0
33.62  -47.12  0
33.62  16.82  0
33.62  16.62  0
33.62  16.44  0
33.62  16.27  0
33.62  16.12  0
33.62  15.99  0
26.18  -53.02  0
26.18  13.70  0
26.18  13.48  0
26.18  13.28  0
26.18  13.11  0
26.18  12.95  0
26.18  12.80  0
18.68  -56.77  0
18.68  10.48  0
18.68  10.25  0
18.68  10.05  0
18.68  9.86  0
18.68  9.70  0
18.68  9.55  0
10.87  -62.90  0
10.87  7.13  0
10.87  6.89  0
10.87  6.68  0
10.87  6.49  0
10.87  6.32  0
10.87  6.17  0
3.06  -66.29  0
3.06  3.73  0
3.06  3.49  0
3.06  3.28  0
3.06  3.09  0
3.06  2.91  0
3.06  2.76  0
-4.25  -65.08  0
-4.25  0.46  0
-4.25  0.22  0
-4.25  0.01  0
-4.25  -0.17  0
-4.25  -0.34  0
-4.25  -0.50  0
-11.43  -67.12  0
-11.43  -2.75  0
-11.43  -2.98  0
-11.43  -3.19  0
-11.43  -3.37  0
-11.43  -3.54  0
-11.43  -3.69  0
-18.43  -68.64  0
-18.43  -5.89  0
-18.43  -6.11  0
-18.43  -6.31  0
-18.43  -6.49  0
-18.43  -6.65  0
-18.43  -6.80  0
-24.93  -67.12  0
-24.93  -8.85  0
-24.93  -9.06  0
-24.93  -9.26  0
-24.93  -9.43  0
-24.93  -9.58  0
-24.93  -9.72  0
-30.93  -65.40  0
-30.93  -11.63  0
-30.93  -11.82  0
-30.93  -12.00  0
-30.93  -12.16  0
-30.93  -12.31  0
-30.93  -12.44  0
-36.06  -60.06  0
-36.06  -14.09  0
-36.06  -14.26  0
-36.06  -14.42  0
-36.06  -14.57  0
-36.06  -14.70  0
-36.06  -14.82  0
-40.31  -54.28  0
-40.31  -16.20  0
-40.31  -16.35  0
-40.31  -16.49  0
-40.31  -16.61  0
-40.31  -16.73  0
-40.31  -16.83  0
-43.68  -48.12  0
-43.68  -17.94  0
-43.68  -18.06  0
-43.68  -18.18  0
-43.68  -18.28  0
-43.68  -18.38  0
-43.68  -18.46  0
-45.25  -33.08  0
-45.25  -19.04  0
-45.25  -19.13  0
-45.25  -19.21  0
-45.25  -19.28  0
-45.25  -19.34  0
-45.25  -19.40  0
-45.25  -19.45  0
-45.25  -19.49  0
-45.25  -19.54  0
-45.25  -19.57  0
-45.25  -19.61  0
-45.25  -19.64  0
-45.25  -19.66  0
-45.25  -19.69  0
-44.75  -15.08  0
-44.75  -19.59  0
-44.75  -19.60  0
-44.75  -19.61  0
-44.75  -19.62  0
-44.75  -19.63  0
-44.75  -19.63  0
-43.50  -8.06  0
-43.50  -19.30  0
-43.50  -19.28  0
-43.50  -19.27  0
-43.50  -19.25  0
-43.50  -19.24  0
-43.50  -19.23  0
-41.62  -1.81  0
-41.62  -18.69  0
-41.62  -18.65  0
-41.62  -18.62  0
-41.62  -18.59  0
-41.62  -18.56  0
-41.62  -18.54  0
-39.06  5.19  0
-39.06  -17.78  0
-39.06  -17.72  0
-39.06  -17.67  0
-39.06  -17.62  0
-39.06  -17.58  0
-39.06  -17.54  0
-36.06  10.28  0
-36.06  -16.64  0
-36.06  -16.56  0
-36.06  -16.49  0
-36.06  -16.43  0
-36.06  -16.37  0
-36.06  -16.32  0
-32.62  15.58  0
-32.62  -15.28  0
-32.62  -15.19  0
-32.62  -15.10  0
-32.62  -15.03  0
-32.62  -14.96  0
-32.62  -14.90  0
-28.87  19.88  0
-28.87  -13.75  0
-28.87  -13.65  0
-28.87  -13.55  0
-28.87  -13.47  0
-28.87  -13.39  0
-28.87  -13.32  0
-24.93  23.22  0
-24.93  -12.11  0
-24.93  -12.00  0
-24.93  -11.89  0
-24.93  -11.80  0
-24.93  -11.72  0
-24.93  -11.64  0
-20.68  27.78  0
-20.68  -10.33  0
-20.68  -10.21  0
-20.68  -10.10  0
-20.68  -10.00  0
-20.68  -9.91  0
-20.68  -9.83  0
-20.68  -9.76  0
-16.43  29.67  0
-16.43  -8.45  0
-16.43  -8.33  0
-16.43  -8.22  0
-16.43  -8.12  0
-16.43  -8.03  0
-16.43  -7.95  0
-12.25  30.83  0
-12.25  -6.65  0
-12.25  -6.52  0
-12.25  -6.41  0
-12.25  -6.31  0
-12.25  -6.22  0
-12.25  -6.13  0
-7.93  33.94  0
-7.93  -4.79  0
-7.93  -4.66  0
-7.93  -4.54  0
-7.93  -4.44  0
-7.93  -4.34  0
-7.93  -4.26  0
-3.62  35.73  0
-3.62  -2.91  0
-3.62  -2.78  0
-3.62  -2.66  0
-3.62  -2.56  0
-3.62  -2.46  0
-3.62  -2.37  0
0.50  35.86  0
0.50  -1.08  0
0.50  -0.95  0
0.50  -0.83  0
0.50  -0.73  0
0.50  -0.63  0
0.50  -0.55  0
4.62  37.68  0
4.62  0.74  0
4.62  0.87  0
4.62  0.99  0
4.62  1.09  0
4.62  1.19  0
4.62  1.27  0
8.62  38.39  0
8.62  2.53  0
8.62  2.65  0
8.62  2.77  0
8.62  2.87  0
8.62  2.96  0
8.62  3.05  0
12.43  38.40  0
12.43  4.25  0
12.43  4.37  0
12.43  4.48  0
12.43  4.58  0
12.43  4.67  0
12.43  4.75  0
15.93  37.23  0
15.93  5.86  0
15.93  5.97  0
15.93  6.08  0
15.93  6.17  0
15.93  6.25  0
15.93  6.33  0
19.25  37.14  0
19.25  7.38  0
19.25  7.49  0
19.25  7.59  0
19.25  7.68  0
19.25  7.76  0
19.25  7.83  0
21.87  32.15  0
21.87  8.68  0
21.87  8.77  0
21.87  8.86  0
21.87  8.93  0
21.87  9.00  0
21.87  9.06  0
21.87  9.12  0
23.31  22.51  0
23.31  9.62  0
23.31  9.68  0
23.31  9.74  0
23.31  9.79  0
23.31  9.84  0
23.31  9.88  0
23.87  15.10  0
23.87  10.11  0
23.87  10.15  0
23.87  10.18  0
23.87  10.21  0
23.87  10.24  0
23.87  10.27  0
23.93  10.85  0
23.93  10.33  0
23.93  10.35  0
23.93  10.37  0
23.93  10.38  0
23.93  10.40  0
23.93  10.41  0
23.37  5.24  0
23.37  10.28  0
23.37  10.28  0
23.37  10.28  0
23.37  10.28  0
23.37  10.28  0
23.37  10.28  0
22.50  2.22  0
22.50  10.04  0
22.50  10.02  0
22.50  10.01  0
22.50  10.00  0
22.50  9.99  0
22.50  9.98  0
21.68  2.38  0
21.68  9.74  0
21.68  9.72  0
21.68  9.70  0
21.68  9.68  0
21.68  9.67  0
21.68  9.66  0
20.75  1.03  0
20.75  9.38  0
20.75  9.35  0
20.75  9.33  0
20.75  9.31  0
20.75  9.29  0
20.75  9.28  0
19.56  -1.76  0
19.56  8.92  0
19.56  8.89  0
19.56  8.86  0
19.56  8.83  0
19.56  8.81  0
19.56  8.79  0
18.31  -2.80  0
18.31  8.41  0
18.31  8.37  0
18.31  8.34  0
18.31  8.31  0
18.31  8.29  0
18.31  8.26  0
17.00  -3.89  0
17.00  7.86  0
17.00  7.82  0
17.00  7.79  0
17.00  7.76  0
17.00  7.73  0
17.00  7.70  0
17.00  7.68  0
15.68  -4.56  0
15.68  7.28  0
15.68  7.24  0
15.68  7.20  0
15.68  7.17  0
15.68  7.15  0
15.68  7.12  0
14.25  -6.14  0
14.25  6.68  0
14.25  6.64  0
14.25  6.60  0
14.25  6.57  0
14.25  6.54  0
14.25  6.51  0
12.81  -6.85  0
12.81  6.07  0
12.81  6.02  0
12.81  5.99  0
12.81  5.95  0
12.81  5.92  0
12.81  5.89  0
11.50  -6.27  0
11.50  5.48  0
11.50  5.44  0
11.50  5.40  0
11.50  5.36  0
11.50  5.33  0
11.50  5.31  0
10.12  -7.50  0
10.12  4.88  0
10.12  4.83  0
10.12  4.80  0
10.12  4.76  0
10.12  4.73  0
10.12  4.70  0
8.68  -8.66  0
8.68  4.26  0
8.68  4.21  0
8.68  4.17  0
8.68  4.14  0
8.68  4.11  0
8.68  4.08  0
7.37  -8.08  0
7.37  3.66  0
7.37  3.62  0
7.37  3.58  0
7.37  3.55  0
7.37  3.52  0
7.37  3.49  0
6.12  -8.11  0
6.12  3.10  0
6.12  3.06  0
6.12  3.02  0
6.12  2.99  0
6.12  2.96  0
6.12  2.93  0
4.93  -8.11  0
4.93  2.56  0
4.93  2.52  0
4.93  2.48  0
4.93  2.45  0
4.93  2.42  0
4.93  2.40  0
4.00  -6.24  0
4.00  2.10  0
4.00  2.06  0
4.00  2.03  0
4.00  2.00  0
4.00  1.98  0
4.00  1.96  0
4.00  1.94  0
3.25  -5.02  0
3.25  1.70  0
3.25  1.67  0
3.25  1.65  0
3.25  1.62  0
3.25  1.60  0
3.25  1.59  0
2.62  -4.26  0
2.62  1.38  0
2.62  1.36  0
2.62  1.34  0
2.62  1.32  0
2.62  1.30  0
2.62  1.29  0
2.25  -2.15  0
2.25  1.16  0
2.25  1.14  0
2.25  1.13  0
2.25  1.11  0
2.25  1.10  0
2.25  1.09  0
2.12  -0.12  0
2.12  1.03  0
2.12  1.02  0
2.12  1.02  0
2.12  1.01  0
2.12  1.00  0
2.12  0.99  0
2.12  0.99  0
2.12  0.98  0
2.12  0.98  0
2.12  0.97  0
2.12  0.97  0
2.12  0.96  0
2.12  0.96  0
2.25  2.16  0
2.25  0.99  0
2.25  0.99  0
2.25  0.99  0
2.25  0.99  0
2.25  0.99  0
2.25  0.99  0
2.37  2.10  0
2.37  1.02  0
2.37  1.03  0
2.37  1.03  0
2.37  1.03  0
2.37  1.03  0
2.37  1.03  0
2.50  2.24  0
2.50  1.07  0
2.50  1.07  0
2.50  1.08  0
2.50  1.08  0
2.50  1.08  0
2.50  1.08  0
2.62  2.20  0
2.62  1.12  0
2.62  1.12  0
2.62  1.13  0
2.62  1.13  0
2.62  1.13  0
2.62  1.13  0
2.75  2.34  0
2.75  1.17  0
2.75  1.18  0
2.75  1.18  0
2.75  1.18  0
2.75  1.19  0
2.75  1.19  0
2.87  2.30  0
2.87  1.23  0
2.87  1.23  0
2.87  1.23  0
2.87  1.24  0
2.87  1.24  0
2.87  1.24  0
2.93  1.80  0
2.93  1.26  0
2.93  1.26  0
2.93  1.27  0
2.93  1.27  0
2.93  1.27  0
2.93  1.27  0
3.06  2.48  0
3.06  1.31  0
3.06  1.32  0
3.06  1.32  0
3.06  1.32  0
3.06  1.32  0
3.06  1.33  0
3.12  1.88  0
3.12  1.35  0
3.12  1.35  0
3.12  1.35  0
3.12  1.35  0
3.12  1.36  0
3.12  1.36  0
3.18  1.91  0
3.18  1.38  0
3.18  1.38  0
3.18  1.38  0
3.18  1.38  0
3.18  1.38  0
3.18  1.39  0
3.18  1.39  0
3.25  2.04  0
3.25  1.41  0
3.25  1.41  0
3.25  1.41  0
3.25  1.41  0
3.25  1.42  0
3.25  1.42  0
3.25  1.42  0
3.25  1.42  0
3.25  1.42  0
3.25  1.42  0
3.25  1.42  0
3.25  1.42  0
3.25  1.42  0
3.06  -0.33  0
3.06  1.37  0
3.06  1.37  0
3.06  1.37  0
3.06  1.37  0
3.06  1.36  0
3.06  1.36  0
3.06  1.36  0
3.06  1.36  0
3.06  1.36  0
3.06  1.36  0
3.06  1.36  0
3.06  1.35  0
3.06  1.35  0
3.06  1.35  0
3.06  1.35  0
3.06  1.35  0
3.06  1.35  0
3.06  1.35  0
3.06  1.35  0
3.06  1.35  0
2.93  0.15  0
2.93  1.31  0
2.93  1.31  0
2.93  1.31  0
2.93  1.31  0
2.93  1.30  0
2.93  1.30  0
2.93  1.30  0
2.93  1.30  0
2.93  1.30  0
2.93  1.30  0
2.93  1.30  0
2.93  1.30  0
2.93  1.30  0
2.87  0.74  0
2.87  1.28  0
2.87  1.28  0
2.87  1.28  0
2.87  1.27  0
2.87  1.27  0
2.87  1.27  0
2.93  1.83  0
2.93  1.29  0
2.93  1.29  0
2.93  1.29  0
2.93  1.29  0
2.93  1.29  0
2.93  1.29  0
2.93  1.29  0
2.93  1.29  0
2.93  1.29  0
2.93  1.29  0
2.93  1.29  0
2.93  1.29  0
2.93  1.29  0
3.00  1.94  0
3.00  1.31  0
3.00  1.31  0
3.00  1.31  0
3.00  1.31  0
3.00  1.31  0
3.00  1.31  0
3.06  1.87  0
3.06  1.33  0
3.06  1.33  0
3.06  1.33  0
3.06  1.34  0
3.06  1.34  0
3.06  1.34  0
3.00  0.78  0
3.00  1.32  0
3.00  1.32  0
3.00  1.32  0
3.00  1.32  0
3.00  1.32  0
3.00  1.32  0
3.00  1.32  0
3.00  1.32  0
3.00  1.32  0
3.00  1.32  0
3.00  1.32  0
3.00  1.32  0
3.00  1.32  0
3.00  1.32  0
3.00  1.32  0
3.00  1.32  0
3.00  1.32  0
3.00  1.32  0
3.00  1.32  0
3.00  1.32  0
2.93  0.67  0
2.93  1.30  0
2.93  1.30  0
2.93  1.30  0
2.93  1.30  0
2.93  1.30  0
2.93  1.30  0
2.93  1.30  0
2.93  1.29  0
2.93  1.29  0
2.93  1.29  0
2.93  1.29  0
2.93  1.29  0
2.93  1.29  0
2.81  0.18  0
2.81  1.26  0
2.81  1.26  0
2.81  1.25  0
2.81  1.25  0
2.81  1.25  0
2.81  1.25  0
2.75  0.69  0
2.75  1.23  0
2.75  1.23  0
2.75  1.23  0
2.75  1.22  0
2.75  1.22  0
2.75  1.22  0
2.62  0.02  0
2.62  1.18  0
2.62  1.18  0
2.62  1.18  0
2.62  1.18  0
2.62  1.17  0
2.62  1.17  0
2.50  0.06  0
2.50  1.13  0
2.50  1.13  0
2.50  1.13  0
2.50  1.12  0
2.50  1.12  0
2.50  1.12  0
2.37  -0.09  0
2.37  1.08  0
2.37  1.08  0
2.37  1.07  0
2.37  1.07  0
2.37  1.07  0
2.37  1.06  0
2.25  -0.05  0
2.25  1.03  0
2.25  1.02  0
2.25  1.02  0
2.25  1.02  0
2.25  1.01  0
2.25  1.01  0
2.12  -0.19  0
2.12  0.97  0
2.12  0.97  0
2.12  0.96  0
2.12  0.96  0
2.12  0.96  0
2.12  0.96  0
2.06  0.40  0
2.06  0.93  0
2.06  0.93  0
2.06  0.93  0
2.06  0.93  0
2.06  0.92  0
2.06  0.92  0
2.06  0.92  0
2.06  0.92  0
2.06  0.92  0
2.06  0.92  0
2.06  0.92  0
2.06  0.92  0
2.06  0.91  0
2.06  0.91  0
2.06  0.91  0
2.06  0.91  0
2.06  0.91  0
2.06  0.91  0
2.06  0.91  0
2.06  0.91  0
2.12  1.47  0
2.12  0.93  0
2.12  0.93  0
2.12  0.93  0
2.12  0.93  0
2.12  0.93  0
2.12  0.93  0
2.12  0.93  0
2.12  0.93  0
2.12  0.93  0
2.12  0.93  0
2.12  0.93  0
2.12  0.93  0
2.12  0.93  0
2.12  0.93  0
2.12  0.93  0
2.12  0.93  0
2.12  0.93  0
2.12  0.93  0
2.12  0.93  0
2.12  0.93  0
2.12  0.93  0
2.12  0.93  0
2.12  0.93  0
2.12  0.93  0
2.12  0.93  0
2.12  0.93  0
2.12  0.93  0
2.12  0.93  0
2.12  0.93  0
2.12  0.93  0
2.12  0.93  0
2.12  0.93  0
2.12  0.93  0
2.06  0.38  0
2.06  0.92  0
2.06  0.91  0
2.06  0.91  0
2.06  0.91  0
2.06  0.91  0
2.06  0.91  0
2.06  0.91  0
2.06  0.91  0
2.06  0.91  0
2.06  0.91  0
2.06  0.91  0
2.06  0.91  0
2.06  0.91  0
2.06  0.91  0
2.06  0.91  0
2.06  0.91  0
2.06  0.91  0
2.06  0.91  0
2.06  0.91  0
2.06  0.91  0
2.06  0.91  0
2.06  0.91  0
2.06  0.91  0
2.06  0.91  0
2.06  0.91  0
2.06  0.91  0
2.06  0.91  0
2.06  0.91  0
2.06  0.91  0
2.06  0.91  0
2.06  0.91  0
2.06  0.91  0
2.06  0.91  0
2.06  0.91  0
2.06  0.91  0
2.06  0.91  0
2.06  0.91  0
2.06  0.91  0
2.06  0.91  0
2.06  0.91  0
2.06  0.91  0
2.06  0.91  0
2.06  0.91  0
2.06  0.91  0
2.06  0.91  0
2.06  0.91  0
2.06  0.91  0
2.06  0.91  0
2.06  0.91  0
2.06  0.91  0
2.06  0.91  0
2.06  0.91  0
2.06  0.91  0
2.06  0.91  0
2.12  1.46  0
2.12  0.92  0
2.12  0.92  0
2.12  0.92  0
2.12  0.93  0
2.12  0.93  0
2.12  0.93  0
2.12  0.93  0
2.12  0.93  0
2.12  0.93  0
2.12  0.93  0
2.12  0.93  0
2.12  0.93  0
2.12  0.93  0
2.12  0.93  0
2.12  0.93  0
2.12  0.93  0
2.12  0.93  0
2.12  0.93  0
2.12  0.93  0
2.12  0.93  0
2.12  0.93  0
2.12  0.93  0
2.12  0.93  0
2.12  0.93  0
2.12  0.93  0
2.12  0.93  0
2.12  0.93  0
2.12  0.93  0
2.12  0.93  0
2.12  0.93  0
2.12  0.93  0
2.12  0.93  0
2.12  0.93  0
2.12  0.93  0
2.12  0.93  0
2.12  0.93  0
2.12  0.93  0
2.12  0.93  0
2.12  0.93  0
2.12  0.93  0
2.12  0.93  0
2.12  0.93  0
2.12  0.93  0
2.12  0.93  0
2.12  0.93  0
2.12  0.93  0
2.12  0.93  0
2.12  0.93  0
2.12  0.93  0
2.12  0.93  0
2.12  0.93  0
2.12  0.93  0
2.12  0.93  0
2.12  0.93  0
2.12  0.93  0
2.12  0.93  0
2.12  0.93  0
2.12  0.93  0
2.18  1.49  0
2.18  0.95  0
2.18  0.95  0
2.18  0.95  0
2.18  0.95  0
2.18  0.95  0
2.18  0.95  0
2.18  0.95  0
2.18  0.95  0
2.18  0.96  0
2.18  0.96  0
2.18  0.96  0
2.18  0.96  0
2.18  0.96  0
2.18  0.96  0
2.18  0.96  0
2.18  0.96  0
2.18  0.96  0
2.18  0.96  0
2.18  0.96  0
2.18  0.96  0
2.25  1.61  0
2.25  0.98  0
2.25  0.98  0
2.25  0.98  0
2.25  0.98  0
2.25  0.98  0
2.25  0.98  0
2.31  1.54  0
2.31  1.00  0
2.31  1.00  0
2.31  1.00  0
2.31  1.00  0
2.31  1.01  0
2.31  1.01  0
2.37  1.56  0
2.37  1.03  0
2.37  1.03  0
2.37  1.03  0
2.37  1.03  0
2.37  1.03  0
2.37  1.03  0
2.37  1.03  0
2.37  1.03  0
2.37  1.04  0
2.37  1.04  0
2.37  1.04  0
2.37  1.04  0
2.43  1.59  0
2.43  1.06  0
2.43  1.06  0
2.43  1.06  0
2.43  1.06  0
2.43  1.06  0
2.43  1.06  0
2.37  0.51  0
2.37  1.05  0
2.37  1.05  0
2.37  1.05  0
2.37  1.04  0
2.37  1.04  0
2.37  1.04  0
2.37  1.04  0
2.37  1.04  0
2.37  1.04  0
2.37  1.04  0
2.37  1.04  0
2.37  1.04  0
2.37  1.04  0
2.37  1.04  0
2.25  -0.07  0
2.25  1.01  0
2.25  1.01  0
2.25  1.01  0
2.25  1.00  0
2.25  1.00  0
2.25  1.00  0
2.12  -0.20  0
2.12  0.96  0
2.12  0.96  0
2.12  0.96  0
2.12  0.96  0
2.12  0.95  0
2.12  0.95  0
2.00  -0.16  0
2.00  0.91  0
2.00  0.91  0
2.00  0.91  0
2.00  0.90  0
2.00  0.90  0
2.00  0.90  0
1.93  0.25  0
1.93  0.88  0
1.93  0.87  0
1.93  0.87  0
1.93  0.87  0
1.93  0.87  0
1.93  0.87  0
1.93  0.86  0
1.93  0.86  0
1.93  0.86  0
1.93  0.86  0
1.93  0.86  0
1.93  0.86  0
1.93  0.86  0
2.00  1.50  0
2.00  0.87  0
2.00  0.88  0
2.00  0.88  0
2.00  0.88  0
2.00  0.88  0
2.00  0.88  0
2.00  0.88  0
2.00  0.88  0
2.00  0.88  0
2.00  0.88  0
2.00  0.88  0
2.00  0.88  0
2.00  0.88  0
2.00  0.88  0
2.00  0.88  0
2.00  0.88  0
2.00  0.88  0
2.00  0.88  0
2.00  0.88  0
2.00  0.88  0
2.00  0.88  0
2.00  0.88  0
2.00  0.88  0
2.00  0.88  0
2.00  0.88  0
2.00  0.88  0
2.00  0.88  0
1.93  0.23  0
1.93  0.86  0
1.93  0.86  0
1.93  0.86  0
1.93  0.86  0
1.93  0.86  0
1.93  0.86  0
2.00  1.50  0
2.00  0.87  0
2.00  0.87  0
2.00  0.88  0
2.00  0.88  0
2.00  0.88  0
2.00  0.88  0
2.00  0.88  0
2.00  0.88  0
2.00  0.88  0
2.00  0.88  0
2.00  0.88  0
2.00  0.88  0
2.00  0.88  0
2.06  1.43  0
2.06  0.90  0
2.06  0.90  0
2.06  0.90  0
2.06  0.90  0
2.06  0.90  0
2.06  0.90  0
2.06  0.90  0
2.06  0.90  0
2.06  0.90  0
2.06  0.90  0
2.06  0.90  0
2.06  0.90  0
2.06  0.90  0
2.12  1.46  0
2.12  0.92  0
2.12  0.92  0
2.12  0.92  0
2.12  0.92  0
2.12  0.92  0
2.12  0.93  0
2.18  1.48  0
2.18  0.94  0
2.18  0.95  0
2.18  0.95  0
2.18  0.95  0
2.18  0.95  0
2.18  0.95  0
2.18  0.95  0
2.18  0.95  0
2.18  0.95  0
2.18  0.95  0
2.18  0.95  0
2.18  0.95  0
2.18  0.95  0
2.25  1.60  0
2.25  0.98  0
2.25  0.98  0
2.25  0.98  0
2.25  0.98  0
2.25  0.98  0
2.31  1.54  0
2.31  1.00  0
2.31  1.00  0
2.31  1.00  0
2.31  1.00  0
2.31  1.00  0
2.31  1.01  0
2.31  1.01  0
2.31  1.01  0
2.31  1.01  0
2.31  1.01  0
2.31  1.01  0
2.31  1.01  0
2.31  1.01  0
2.31  1.01  0
2.31  1.01  0
2.31  1.01  0
2.31  1.01  0
2.31  1.01  0
2.31  1.01  0
2.31  1.01  0
2.31  1.01  0
2.31  1.01  0
2.31  1.01  0
2.31  1.01  0
2.31  1.01  0
2.31  1.02  0
2.31  1.02  0
2.31  1.02  0
2.31  1.02  0
2.31  1.02  0
2.31  1.02  0
2.31  1.02  0
2.31  1.02  0
2.31  1.02  0
2.31  1.02  0
2.31  1.02  0
2.31  1.02  0
2.31  1.02  0
2.31  1.02  0
2.31  1.02  0
2.31  1.02  0
2.37  1.57  0
2.37  1.03  0
2.37  1.03  0
2.37  1.03  0
2.37  1.04  0
2.37  1.04  0
2.37  1.04  0
2.37  1.04  0
2.37  1.04  0
2.37  1.04  0
2.37  1.04  0
2.37  1.04  0
2.37  1.04  0
2.37  1.04  0
2.43  1.60  0
2.43  1.06  0
2.43  1.06  0
2.43  1.06  0
2.43  1.06  0
2.43  1.06  0
2.43  1.06  0
2.43  1.06  0
2.43  1.06  0
2.43  1.06  0
2.43  1.06  0
2.43  1.07  0
2.43  1.07  0
2.43  1.07  0
2.43  1.07  0
2.43  1.07  0
2.43  1.07  0
2.43  1.07  0
2.43  1.07  0
2.43  1.07  0
2.43  1.07  0
2.43  1.07  0
2.43  1.07  0
2.43  1.07  0
2.43  1.07  0
2.43  1.07  0
2.43  1.07  0
2.43  1.07  0
2.50  1.72  0
2.50  1.09  0
2.50  1.09  0
2.50  1.09  0
2.50  1.09  0
2.50  1.09  0
2.50  1.09  0
2.50  1.09  0
2.50  1.09  0
2.50  1.09  0
2.50  1.10  0
2.50  1.10  0
2.50  1.10  0
2.50  1.10  0
2.56  1.65  0
2.56  1.11  0
2.56  1.12  0
2.56  1.12  0
2.56  1.12  0
2.56  1.12  0
2.56  1.12  0
2.62  1.68  0
2.62  1.14  0
2.62  1.14  0
2.62  1.14  0
2.62  1.14  0
2.62  1.14  0
2.62  1.14  0
2.56  0.59  0
2.56  1.13  0
2.56  1.13  0
2.56  1.13  0
2.56  1.13  0
2.56  1.13  0
2.56  1.13  0
2.56  1.13  0
2.56  1.13  0
2.56  1.13  0
2.56  1.13  0
2.56  1.13  0
2.56  1.13  0
2.56  1.13  0
2.50  0.57  0
2.50  1.11  0
2.50  1.11  0
2.50  1.11  0
2.50  1.11  0
2.50  1.11  0
2.50  1.11  0
2.43  0.46  0
2.43  1.09  0
2.43  1.08  0
2.43  1.08  0
2.43  1.08  0
2.43  1.08  0
2.43  1.08  0
2.43  1.08  0
2.43  1.08  0
2.43  1.08  0
2.43  1.08  0
2.43  1.07  0
2.43  1.07  0
2.43  1.07  0
2.43  1.07  0
2.43  1.07  0
2.43  1.07  0
2.43  1.07  0
2.43  1.07  0
2.43  1.07  0
2.43  1.07  0
2.37  0.52  0
2.37  1.05  0
2.37  1.05  0
2.37  1.05  0
2.37  1.05  0
2.37  1.05  0
2.37  1.05  0
2.37  1.05  0
2.37  1.05  0
2.37  1.05  0
2.37  1.05  0
2.37  1.05  0
2.37  1.05  0
2.37  1.05  0
2.37  1.05  0
2.37  1.05  0
2.37  1.05  0
2.37  1.04  0
2.37  1.04  0
2.37  1.04  0
2.37  1.04  0
2.37  1.04  0
2.37  1.04  0
2.37  1.04  0
2.37  1.04  0
2.37  1.04  0
2.37  1.04  0
2.37  1.04  0
2.37  1.04  0
2.37  1.04  0
2.43  1.60  0
2.43  1.06  0
2.43  1.06  0
2.43  1.06  0
2.43  1.06  0
2.43  1.06  0
2.43  1.06  0
2.43  1.06  0
2.43  1.06  0
2.43  1.07  0
2.43  1.07  0
2.43  1.07  0
2.43  1.07  0
2.50  1.71  0
2.50  1.09  0
2.50  1.09  0
2.50  1.09  0
2.50  1.09  0
2.50  1.09  0
2.50  1.09  0
2.50  1.09  0
2.50  1.09  0
2.50  1.09  0
2.50  1.09  0
2.50  1.10  0
2.50  1.10  0
2.50  1.10  0
2.50  1.10  0
2.50  1.10  0
2.50  1.10  0
2.50  1.10  0
2.50  1.10  0
2.50  1.10  0
2.50  1.10  0
2.50  1.10  0
2.56  1.65  0
2.56  1.12  0
2.56  1.12  0
2.56  1.12  0
2.56  1.12  0
2.56  1.12  0
2.56  1.12  0
2.56  1.12  0
2.56  1.12  0
2.56  1.12  0
2.56  1.12  0
2.56  1.12  0
2.56  1.12  0
2.56  1.12  0
2.56  1.12  0
2.56  1.12  0
2.56  1.12  0
2.56  1.12  0
2.56  1.12  0
2.56  1.12  0
2.56  1.12  0
2.56  1.13  0
2.56  1.13  0
2.56  1.13  0
2.56  1.13  0
2.56  1.13  0
2.56  1.13  0
2.56  1.13  0
2.56  1.13  0
2.56  1.13  0
2.56  1.13  0
2.56  1.13  0
2.56  1.13  0
2.56  1.13  0
2.56  1.13  0
2.56  1.13  0
2.56  1.13  0
2.56  1.13  0
2.56  1.13  0
2.56  1.13  0
2.56  1.13  0
2.56  1.13  0
2.56  1.13  0
2.56  1.13  0
2.56  1.13  0
2.56  1.13  0
2.56  1.13  0
2.56  1.13  0
2.56  1.13  0
2.56  1.13  0
2.56  1.13  0
2.56  1.13  0
2.56  1.13  0
2.56  1.13  0
2.56  1.13  0
2.56  1.13  0
2.56  1.13  0
2.56  1.13  0
2.56  1.13  0
2.56  1.13  0
2.62  1.68  0
2.62  1.14  0
2.62  1.14  0
2.62  1.14  0
2.62  1.15  0
2.62  1.15  0
2.62  1.15  0
2.62  1.15  0
2.62  1.15  0
2.62  1.15  0
2.62  1.15  0
2.62  1.15  0
2.62  1.15  0
2.62  1.15  0
2.62  1.15  0
2.62  1.15  0
2.62  1.15  0
2.62  1.15  0
2.62  1.15  0
2.62  1.15  0
2.62  1.15  0
2.62  1.15  0
2.62  1.15  0
2.62  1.15  0
2.62  1.15  0
2.62  1.15  0
2.62  1.15  0
2.62  1.15  0
2.62  1.15  0
2.62  1.15  0
2.62  1.15  0
2.62  1.15  0
2.62  1.15  0
2.62  1.15  0
2.62  1.15  0
2.62  1.15  0
2.62  1.15  0
2.62  1.15  0
2.62  1.15  0
2.62  1.15  0
2.62  1.15  0
2.62  1.15  0
2.62  1.15  0
2.62  1.15  0
2.62  1.15  0
2.62  1.15  0
2.62  1.15  0
2.62  1.15  0
2.62  1.15  0
2.62  1.15  0
2.62  1.15  0
2.62  1.15  0
2.68  1.71  0
2.68  1.17  0
2.68  1.17  0
2.68  1.17  0
2.68  1.17  0
2.68  1.17  0
2.68  1.17  0
2.68  1.17  0
2.68  1.17  0
2.68  1.17  0
2.68  1.18  0
2.68  1.18  0
2.68  1.18  0
2.68  1.18  0
2.68  1.18  0
2.68  1.18  0
2.68  1.18  0
2.68  1.18  0
2.68  1.18  0
2.68  1.18  0
2.68  1.18  0
2.68  1.18  0
2.68  1.18  0
2.68  1.18  0
2.68  1.18  0
2.68  1.18  0
2.68  1.18  0
2.68  1.18  0
2.68  1.18  0
2.68  1.18  0
2.68  1.18  0
2.68  1.18  0
2.68  1.18  0
2.68  1.18  0
2.68  1.18  0
2.68  1.18  0
2.68  1.18  0
2.68  1.18  0
2.68  1.18  0
2.68  1.18  0
2.68  1.18  0
2.68  1.18  0
2.68  1.18  0
2.68  1.18  0
2.68  1.18  0
2.68  1.18  0
2.68  1.18  0
2.68  1.18  0
2.68  1.18  0
2.68  1.18  0
2.68  1.18  0
2.68  1.18  0
2.68  1.18  0
2.68  1.18  0
2.68  1.18  0
2.68  1.18  0
2.68  1.18  0
2.68  1.18  0
2.68  1.18  0
2.68  1.18  0
2.68  1.18  0
2.68  1.18  0
2.68  1.18  0
2.68  1.18  0
2.68  1.18  0
2.68  1.18  0
2.68  1.18  0
2.68  1.18  0
2.68  1.18  0
2.68  1.18  0
2.68  1.18  0
2.68  1.18  0
2.68  1.18  0
2.68  1.18  0
2.68  1.18  0
2.68  1.18  0
2.68  1.18  0
2.68  1.18  0
2.68  1.18  0
2.68  1.18  0
2.75  1.83  0
2.75  1.20  0
2.75  1.20  0
2.75  1.20  0
2.75  1.20  0
2.75  1.20  0
2.75  1.20  0
2.75  1.20  0
2.75  1.20  0
2.75  1.21  0
2.75  1.21  0
2.75  1.21  0
2.75  1.21  0
2.75  1.21  0
2.75  1.21  0
2.75  1.21  0
2.75  1.21  0
2.75  1.21  0
2.75  1.21  0
2.75  1.21  0
2.75  1.21  0
2.75  1.21  0
2.81  1.76  0
2.81  1.23  0
2.81  1.23  0
2.81  1.23  0
2.81  1.23  0
2.81  1.23  0
2.81  1.23  0
2.81  1.23  0
2.81  1.23  0
2.81  1.23  0
2.81  1.23  0
2.81  1.23  0
2.81  1.23  0
2.81  1.23  0
2.81  1.23  0
2.81  1.23  0
2.81  1.23  0
2.81  1.23  0
2.81  1.23  0
2.81  1.23  0
2.81  1.23  0
2.81  1.24  0
2.81  1.24  0
2.87  1.79  0
2.87  1.25  0
2.87  1.25  0
2.87  1.25  0
2.87  1.26  0
2.87  1.26  0
2.87  1.26  0
2.87  1.26  0
2.87  1.26  0
2.87  1.26  0
2.87  1.26  0
2.87  1.26  0
2.87  1.26  0
2.87  1.26  0
2.87  1.26  0
2.87  1.26  0
2.87  1.26  0
2.87  1.26  0
2.87  1.26  0
2.87  1.26  0
2.87  1.26  0
2.87  1.26  0
2.87  1.26  0
2.87  1.26  0
2.87  1.26  0
2.87  1.26  0
2.87  1.26  0
2.87  1.26  0
2.87  1.26  0
2.87  1.26  0
2.93  1.82  0
2.93  1.28  0
2.93  1.28  0
2.93  1.28  0
2.93  1.28  0
2.93  1.28  0
2.93  1.28  0
2.93  1.28  0
2.93  1.28  0
2.93  1.28  0
2.93  1.29  0
2.93  1.29  0
2.93  1.29  0
2.93  1.29  0
2.93  1.29  0
2.93  1.29  0
2.93  1.29  0
2.93  1.29  0
2.93  1.29  0
2.93  1.29  0
2.93  1.29  0
2.93  1.29  0
3.00  1.94  0
3.00  1.31  0
3.00  1.31  0
3.00  1.31  0
3.00  1.31  0
3.00  1.31  0
3.00  1.31  0
3.00  1.31  0
3.06  1.87  0
3.06  1.33  0
3.06  1.33  0
3.06  1.33  0
3.06  1.34  0
3.06  1.34  0
3.06  1.34  0
3.06  1.34  0
3.06  1.34  0
3.06  1.34  0
3.06  1.34  0
3.06  1.34  0
3.06  1.34  0
3.06  1.34  0
3.06  1.34  0
3.06  1.34  0
3.06  1.34  0
3.06  1.34  0
3.06  1.34  0
3.06  1.34  0
3.06  1.34  0
3.06  1.34  0
3.06  1.34  0
3.06  1.34  0
3.06  1.35  0
3.06  1.35  0
3.06  1.35  0
3.06  1.35  0
3.06  1.35  0
3.06  1.35  0
3.06  1.35  0
3.06  1.35  0
3.06  1.35  0
3.06  1.35  0
3.06  1.35  0
3.06  1.35  0
3.06  1.35  0
3.06  1.35  0
3.06  1.35  0
3.06  1.35  0
3.06  1.35  0
3.06  1.35  0
3.06  1.35  0
3.06  1.35  0
3.06  1.35  0
3.06  1.35  0
3.06  1.35  0
3.06  1.35  0
3.06  1.35  0
3.06  1.35  0
3.06  1.35  0
3.06  1.35  0
3.06  1.35  0
3.06  1.35  0
3.06  1.35  0
3.06  1.35  0
3.06  1.35  0
3.06  1.35  0
3.06  1.35  0
3.06  1.35  0
3.06  1.35  0
3.06  1.35  0
3.06  1.35  0
3.06  1.35  0
3.06  1.35  0
3.06  1.35  0
3.06  1.35  0
3.06  1.35  0
3.06  1.35  0
3.06  1.35  0
3.06  1.35  0
3.06  1.35  0
3.06  1.35  0
3.06  1.35  0
3.06  1.35  0
3.06  1.35  0
3.06  1.35  0
3.06  1.35  0
3.06  1.35  0
3.06  1.35  0
3.06  1.35  0
3.06  1.35  0
3.06  1.35  0
3.06  1.35  0
3.06  1.35  0
3.06  1.35  0
3.06  1.35  0
3.06  1.35  0
3.06  1.35  0
3.06  1.35  0
3.06  1.35  0
3.06  1.35  0
3.06  1.35  0
3.06  1.35  0
3.06  1.35  0
3.06  1.35  0
3.06  1.35  0
3.06  1.35  0
3.06  1.35  0
3.06  1.35  0
3.06  1.35  0
3.06  1.35  0
3.06  1.35  0
3.06  1.35  0
3.06  1.35  0
3.06  1.35  0
3.06  1.35  0
3.12  1.90  0
3.12  1.36  0
3.12  1.36  0
3.12  1.36  0
3.12  1.37  0
3.12  1.37  0
3.12  1.37  0
3.12  1.37  0
3.12  1.37  0
3.12  1.37  0
3.12  1.37  0
3.12  1.37  0
3.12  1.37  0
3.12  1.37  0
3.12  1.37  0
3.12  1.37  0
3.12  1.37  0
3.12  1.37  0
3.12  1.37  0
3.12  1.37  0
3.12  1.37  0
3.12  1.37  0
3.12  1.37  0
3.12  1.37  0
3.12  1.37  0
3.12  1.37  0
3.12  1.37  0
3.12  1.37  0
3.12  1.37  0
3.12  1.37  0
3.18  1.93  0
3.18  1.39  0
3.18  1.39  0
3.18  1.39  0
3.18  1.39  0
3.18  1.39  0
3.18  1.39  0
3.18  1.39  0
3.18  1.39  0
3.18  1.39  0
3.18  1.40  0
3.18  1.40  0
3.18  1.40  0
3.18  1.40  0
3.18  1.40  0
3.18  1.40  0
3.18  1.40  0
3.18  1.40  0
3.18  1.40  0
3.18  1.40  0
3.18  1.40  0
